8.045457e-01 -4.388526e-01 -3.226857e-03 -4.001303e-01
7.890473e-01 -4.586780e-01 -4.120789e-02 -4.065966e-01
7.893780e-01 -4.583393e-01 -4.031496e-02 -4.064261e-01
7.897072e-01 -4.580008e-01 -3.942296e-02 -4.062557e-01
7.900349e-01 -4.576624e-01 -3.853188e-02 -4.060853e-01
7.903611e-01 -4.573243e-01 -3.764173e-02 -4.059149e-01
7.906858e-01 -4.569864e-01 -3.675251e-02 -4.057446e-01
7.910090e-01 -4.566486e-01 -3.586423e-02 -4.055743e-01
7.913307e-01 -4.563111e-01 -3.497689e-02 -4.054041e-01
7.916510e-01 -4.559737e-01 -3.409049e-02 -4.052339e-01
7.919698e-01 -4.556366e-01 -3.320503e-02 -4.050637e-01
7.922871e-01 -4.552996e-01 -3.232053e-02 -4.048935e-01
7.926030e-01 -4.549629e-01 -3.143698e-02 -4.047234e-01
7.929173e-01 -4.546263e-01 -3.055438e-02 -4.045534e-01
7.932303e-01 -4.542900e-01 -2.967273e-02 -4.043833e-01
7.935418e-01 -4.539538e-01 -2.879205e-02 -4.042134e-01
7.938518e-01 -4.536178e-01 -2.791233e-02 -4.040434e-01
7.941604e-01 -4.532821e-01 -2.703358e-02 -4.038735e-01
7.944676e-01 -4.529465e-01 -2.615579e-02 -4.037036e-01
7.947733e-01 -4.526112e-01 -2.527897e-02 -4.035338e-01
7.950776e-01 -4.522761e-01 -2.440312e-02 -4.033640e-01
7.953805e-01 -4.519411e-01 -2.352824e-02 -4.031942e-01
7.956819e-01 -4.516064e-01 -2.265434e-02 -4.030245e-01
7.959820e-01 -4.512719e-01 -2.178141e-02 -4.028548e-01
7.962806e-01 -4.509375e-01 -2.090947e-02 -4.026852e-01
7.965778e-01 -4.506034e-01 -2.003849e-02 -4.025156e-01
7.968737e-01 -4.502695e-01 -1.916850e-02 -4.023460e-01
7.971681e-01 -4.499358e-01 -1.829949e-02 -4.021765e-01
7.974611e-01 -4.496023e-01 -1.743147e-02 -4.020070e-01
7.977528e-01 -4.492690e-01 -1.656442e-02 -4.018375e-01
7.980431e-01 -4.489360e-01 -1.569836e-02 -4.016681e-01
7.983320e-01 -4.486031e-01 -1.483329e-02 -4.014988e-01
7.986195e-01 -4.482705e-01 -1.396920e-02 -4.013295e-01
7.989057e-01 -4.479380e-01 -1.310609e-02 -4.011602e-01
7.991905e-01 -4.476058e-01 -1.224398e-02 -4.009909e-01
7.994739e-01 -4.472738e-01 -1.138285e-02 -4.008218e-01
7.997560e-01 -4.469420e-01 -1.052271e-02 -4.006526e-01
8.000367e-01 -4.466104e-01 -9.663553e-03 -4.004835e-01
8.003161e-01 -4.462790e-01 -8.805388e-03 -4.003144e-01
8.005941e-01 -4.459479e-01 -7.948213e-03 -4.001454e-01
8.008708e-01 -4.456170e-01 -7.092026e-03 -3.999765e-01
8.011462e-01 -4.452862e-01 -6.236830e-03 -3.998076e-01
8.014202e-01 -4.449557e-01 -5.382623e-03 -3.996387e-01
8.016929e-01 -4.446255e-01 -4.529406e-03 -3.994699e-01
8.019643e-01 -4.442954e-01 -3.677180e-03 -3.993011e-01
8.022344e-01 -4.439655e-01 -2.825943e-03 -3.991324e-01
8.025031e-01 -4.436359e-01 -1.975698e-03 -3.989637e-01
8.027706e-01 -4.433065e-01 -1.126443e-03 -3.987950e-01
8.030367e-01 -4.429773e-01 -2.781789e-04 -3.986265e-01
8.033015e-01 -4.426484e-01 5.690943e-04 -3.984579e-01
8.035651e-01 -4.423196e-01 1.415377e-03 -3.982895e-01
8.038273e-01 -4.419911e-01 2.260668e-03 -3.981210e-01
8.040883e-01 -4.416628e-01 3.104969e-03 -3.979527e-01
8.043480e-01 -4.413348e-01 3.948278e-03 -3.977844e-01
8.046063e-01 -4.410069e-01 4.790597e-03 -3.976161e-01
8.048635e-01 -4.406793e-01 5.631925e-03 -3.974479e-01
8.051193e-01 -4.403520e-01 6.472262e-03 -3.972797e-01
8.053739e-01 -4.400248e-01 7.311608e-03 -3.971116e-01
8.056272e-01 -4.396979e-01 8.149963e-03 -3.969436e-01
8.058792e-01 -4.393712e-01 8.987328e-03 -3.967756e-01
8.061300e-01 -4.390447e-01 9.823702e-03 -3.966077e-01
8.063796e-01 -4.387185e-01 1.065908e-02 -3.964398e-01
8.066278e-01 -4.383924e-01 1.149348e-02 -3.962720e-01
8.068749e-01 -4.380667e-01 1.232688e-02 -3.961042e-01
8.071207e-01 -4.377411e-01 1.315929e-02 -3.959365e-01
8.073653e-01 -4.374158e-01 1.399071e-02 -3.957689e-01
8.076086e-01 -4.370907e-01 1.482115e-02 -3.956013e-01
8.078507e-01 -4.367659e-01 1.565059e-02 -3.954338e-01
8.080916e-01 -4.364412e-01 1.647904e-02 -3.952664e-01
8.083312e-01 -4.361169e-01 1.730650e-02 -3.950990e-01
8.085697e-01 -4.357927e-01 1.813298e-02 -3.949316e-01
8.088069e-01 -4.354688e-01 1.895846e-02 -3.947644e-01
8.090429e-01 -4.351451e-01 1.978295e-02 -3.945972e-01
8.092777e-01 -4.348217e-01 2.060646e-02 -3.944301e-01
8.095113e-01 -4.344985e-01 2.142898e-02 -3.942630e-01
8.097437e-01 -4.341755e-01 2.225051e-02 -3.940960e-01
8.099749e-01 -4.338528e-01 2.307104e-02 -3.939290e-01
8.102049e-01 -4.335303e-01 2.389060e-02 -3.937622e-01
8.104338e-01 -4.332081e-01 2.470916e-02 -3.935954e-01
8.106614e-01 -4.328861e-01 2.552673e-02 -3.934286e-01
8.108879e-01 -4.325643e-01 2.634332e-02 -3.932620e-01
8.111132e-01 -4.322428e-01 2.715892e-02 -3.930954e-01
8.113373e-01 -4.319215e-01 2.797354e-02 -3.929288e-01
8.115602e-01 -4.316005e-01 2.878716e-02 -3.927624e-01
8.117820e-01 -4.312797e-01 2.959980e-02 -3.925960e-01
8.120027e-01 -4.309592e-01 3.041146e-02 -3.924297e-01
8.122221e-01 -4.306388e-01 3.122212e-02 -3.922634e-01
8.124404e-01 -4.303188e-01 3.203180e-02 -3.920972e-01
8.126576e-01 -4.299990e-01 3.284050e-02 -3.919311e-01
8.128736e-01 -4.296794e-01 3.364821e-02 -3.917651e-01
8.130885e-01 -4.293601e-01 3.445493e-02 -3.915991e-01
8.133022e-01 -4.290410e-01 3.526067e-02 -3.914332e-01
8.135148e-01 -4.287222e-01 3.606543e-02 -3.912674e-01
8.137263e-01 -4.284036e-01 3.686920e-02 -3.911017e-01
8.139366e-01 -4.280852e-01 3.767199e-02 -3.909360e-01
8.141459e-01 -4.277672e-01 3.847379e-02 -3.907704e-01
8.143540e-01 -4.274493e-01 3.927461e-02 -3.906049e-01
8.145609e-01 -4.271317e-01 4.007445e-02 -3.904395e-01
8.147668e-01 -4.268144e-01 4.087330e-02 -3.902741e-01
8.149716e-01 -4.264973e-01 4.167117e-02 -3.901089e-01
8.151752e-01 -4.261805e-01 4.246806e-02 -3.899437e-01
8.153778e-01 -4.258639e-01 4.326397e-02 -3.897785e-01
8.155792e-01 -4.255475e-01 4.405890e-02 -3.896135e-01
8.157795e-01 -4.252315e-01 4.485284e-02 -3.894485e-01
8.159788e-01 -4.249156e-01 4.564581e-02 -3.892836e-01
8.161770e-01 -4.246001e-01 4.643779e-02 -3.891188e-01
8.163741e-01 -4.242847e-01 4.722880e-02 -3.889541e-01
8.165701e-01 -4.239697e-01 4.801882e-02 -3.887895e-01
8.167650e-01 -4.236549e-01 4.880787e-02 -3.886249e-01
8.169588e-01 -4.233403e-01 4.959594e-02 -3.884604e-01
8.171516e-01 -4.230260e-01 5.038302e-02 -3.882960e-01
8.173433e-01 -4.227120e-01 5.116914e-02 -3.881317e-01
8.175340e-01 -4.223982e-01 5.195427e-02 -3.879675e-01
8.177235e-01 -4.220846e-01 5.273843e-02 -3.878033e-01
8.179121e-01 -4.217714e-01 5.352160e-02 -3.876393e-01
8.180995e-01 -4.214583e-01 5.430381e-02 -3.874753e-01
8.182860e-01 -4.211456e-01 5.508504e-02 -3.873114e-01
8.184713e-01 -4.208331e-01 5.586529e-02 -3.871476e-01
8.186557e-01 -4.205208e-01 5.664457e-02 -3.869839e-01
8.188390e-01 -4.202089e-01 5.742287e-02 -3.868202e-01
8.190212e-01 -4.198971e-01 5.820020e-02 -3.866567e-01
8.192024e-01 -4.195857e-01 5.897655e-02 -3.864932e-01
8.193826e-01 -4.192745e-01 5.975194e-02 -3.863299e-01
8.195618e-01 -4.189635e-01 6.052635e-02 -3.861666e-01
8.197399e-01 -4.186529e-01 6.129978e-02 -3.860034e-01
8.199170e-01 -4.183424e-01 6.207225e-02 -3.858403e-01
8.200931e-01 -4.180323e-01 6.284375e-02 -3.856773e-01
8.202682e-01 -4.177224e-01 6.361427e-02 -3.855144e-01
8.204423e-01 -4.174128e-01 6.438383e-02 -3.853515e-01
8.206153e-01 -4.171034e-01 6.515241e-02 -3.851888e-01
8.207874e-01 -4.167943e-01 6.592003e-02 -3.850261e-01
8.209584e-01 -4.164855e-01 6.668668e-02 -3.848636e-01
8.211285e-01 -4.161769e-01 6.745236e-02 -3.847011e-01
8.212976e-01 -4.158686e-01 6.821708e-02 -3.845387e-01
8.214656e-01 -4.155606e-01 6.898083e-02 -3.843765e-01
8.216327e-01 -4.152528e-01 6.974361e-02 -3.842143e-01
8.217988e-01 -4.149453e-01 7.050543e-02 -3.840522e-01
8.219639e-01 -4.146381e-01 7.126628e-02 -3.838902e-01
8.221280e-01 -4.143311e-01 7.202617e-02 -3.837283e-01
8.222912e-01 -4.140244e-01 7.278510e-02 -3.835665e-01
8.224534e-01 -4.137180e-01 7.354306e-02 -3.834048e-01
8.226146e-01 -4.134119e-01 7.430006e-02 -3.832432e-01
8.227748e-01 -4.131060e-01 7.505611e-02 -3.830817e-01
8.229341e-01 -4.128004e-01 7.581119e-02 -3.829203e-01
8.230924e-01 -4.124950e-01 7.656531e-02 -3.827590e-01
8.232498e-01 -4.121900e-01 7.731847e-02 -3.825978e-01
8.234062e-01 -4.118852e-01 7.807068e-02 -3.824367e-01
8.235616e-01 -4.115807e-01 7.882193e-02 -3.822757e-01
8.237161e-01 -4.112764e-01 7.957222e-02 -3.821148e-01
8.238697e-01 -4.109725e-01 8.032156e-02 -3.819540e-01
8.240223e-01 -4.106688e-01 8.106994e-02 -3.817933e-01
8.241739e-01 -4.103654e-01 8.181737e-02 -3.816327e-01
8.243247e-01 -4.100623e-01 8.256385e-02 -3.814722e-01
8.244744e-01 -4.097594e-01 8.330938e-02 -3.813118e-01
8.246233e-01 -4.094568e-01 8.405395e-02 -3.811515e-01
8.247712e-01 -4.091545e-01 8.479758e-02 -3.809913e-01
8.249182e-01 -4.088525e-01 8.554026e-02 -3.808313e-01
8.250642e-01 -4.085508e-01 8.628199e-02 -3.806713e-01
8.252094e-01 -4.082494e-01 8.702278e-02 -3.805115e-01
8.253536e-01 -4.079482e-01 8.776262e-02 -3.803517e-01
8.254969e-01 -4.076473e-01 8.850151e-02 -3.801921e-01
8.256392e-01 -4.073467e-01 8.923947e-02 -3.800326e-01
8.257807e-01 -4.070464e-01 8.997648e-02 -3.798732e-01
8.259212e-01 -4.067464e-01 9.071256e-02 -3.797139e-01
8.260609e-01 -4.064467e-01 9.144769e-02 -3.795547e-01
8.261996e-01 -4.061473e-01 9.218189e-02 -3.793957e-01
8.263374e-01 -4.058482e-01 9.291516e-02 -3.792368e-01
8.264743e-01 -4.055493e-01 9.364749e-02 -3.790779e-01
8.266103e-01 -4.052508e-01 9.437888e-02 -3.789192e-01
8.267454e-01 -4.049526e-01 9.510935e-02 -3.787607e-01
8.268796e-01 -4.046546e-01 9.583889e-02 -3.786022e-01
8.270129e-01 -4.043570e-01 9.656750e-02 -3.784439e-01
8.271453e-01 -4.040597e-01 9.729519e-02 -3.782857e-01
8.272768e-01 -4.037626e-01 9.802195e-02 -3.781276e-01
8.274074e-01 -4.034659e-01 9.874780e-02 -3.779697e-01
8.275371e-01 -4.031695e-01 9.947272e-02 -3.778119e-01
8.276660e-01 -4.028734e-01 1.001967e-01 -3.776542e-01
8.277939e-01 -4.025777e-01 1.009198e-01 -3.774966e-01
8.279209e-01 -4.022822e-01 1.016420e-01 -3.773392e-01
8.280471e-01 -4.019871e-01 1.023633e-01 -3.771820e-01
8.281723e-01 -4.016923e-01 1.030836e-01 -3.770248e-01
8.282967e-01 -4.013978e-01 1.038031e-01 -3.768678e-01
8.284201e-01 -4.011036e-01 1.045217e-01 -3.767110e-01
8.285427e-01 -4.008098e-01 1.052393e-01 -3.765543e-01
8.286644e-01 -4.005163e-01 1.059561e-01 -3.763978e-01
8.287852e-01 -4.002231e-01 1.066720e-01 -3.762414e-01
8.289051e-01 -3.999303e-01 1.073870e-01 -3.760851e-01
8.290242e-01 -3.996379e-01 1.081011e-01 -3.759290e-01
8.291423e-01 -3.993458e-01 1.088143e-01 -3.757731e-01
8.292595e-01 -3.990540e-01 1.095266e-01 -3.756174e-01
8.293759e-01 -3.987627e-01 1.102381e-01 -3.754618e-01
8.294913e-01 -3.984716e-01 1.109487e-01 -3.753064e-01
8.296059e-01 -3.981810e-01 1.116584e-01 -3.751511e-01
8.297195e-01 -3.978907e-01 1.123673e-01 -3.749961e-01
8.298323e-01 -3.976008e-01 1.130753e-01 -3.748412e-01
8.299442e-01 -3.973113e-01 1.137824e-01 -3.746865e-01
8.300551e-01 -3.970222e-01 1.144887e-01 -3.745320e-01
8.301651e-01 -3.967335e-01 1.151942e-01 -3.743777e-01
8.302743e-01 -3.964452e-01 1.158988e-01 -3.742236e-01
8.303825e-01 -3.961573e-01 1.166026e-01 -3.740697e-01
8.304898e-01 -3.958698e-01 1.173056e-01 -3.739160e-01
8.305962e-01 -3.955828e-01 1.180078e-01 -3.737625e-01
8.307016e-01 -3.952962e-01 1.187091e-01 -3.736093e-01
8.308061e-01 -3.950100e-01 1.194096e-01 -3.734562e-01
8.309097e-01 -3.947243e-01 1.201094e-01 -3.733034e-01
8.310124e-01 -3.944391e-01 1.208083e-01 -3.731509e-01
8.311141e-01 -3.941543e-01 1.215065e-01 -3.729986e-01
8.312148e-01 -3.938700e-01 1.222039e-01 -3.728465e-01
8.313146e-01 -3.935862e-01 1.229005e-01 -3.726947e-01
8.314135e-01 -3.933029e-01 1.235963e-01 -3.725432e-01
8.315113e-01 -3.930202e-01 1.242914e-01 -3.723919e-01
8.316082e-01 -3.927379e-01 1.249858e-01 -3.722409e-01
8.317041e-01 -3.924562e-01 1.256794e-01 -3.720902e-01
8.317990e-01 -3.921750e-01 1.263723e-01 -3.719399e-01
8.318928e-01 -3.918945e-01 1.270645e-01 -3.717898e-01
8.319857e-01 -3.916144e-01 1.277560e-01 -3.716400e-01
8.320776e-01 -3.913350e-01 1.284468e-01 -3.714906e-01
8.321684e-01 -3.910562e-01 1.291369e-01 -3.713415e-01
8.322581e-01 -3.907780e-01 1.298264e-01 -3.711927e-01
8.323468e-01 -3.905005e-01 1.305152e-01 -3.710443e-01
8.324344e-01 -3.902236e-01 1.312034e-01 -3.708963e-01
8.325210e-01 -3.899474e-01 1.318909e-01 -3.707487e-01
8.326064e-01 -3.896719e-01 1.325778e-01 -3.706015e-01
8.326908e-01 -3.893972e-01 1.332642e-01 -3.704546e-01
8.327740e-01 -3.891231e-01 1.339499e-01 -3.703082e-01
8.328560e-01 -3.888498e-01 1.346351e-01 -3.701622e-01
8.329369e-01 -3.885773e-01 1.353197e-01 -3.700167e-01
8.330166e-01 -3.883056e-01 1.360038e-01 -3.698716e-01
8.330952e-01 -3.880347e-01 1.366874e-01 -3.697270e-01
8.331725e-01 -3.877647e-01 1.373704e-01 -3.695829e-01
8.332485e-01 -3.874956e-01 1.380530e-01 -3.694394e-01
8.333234e-01 -3.872273e-01 1.387352e-01 -3.692963e-01
8.333969e-01 -3.869600e-01 1.394169e-01 -3.691538e-01
8.334691e-01 -3.866936e-01 1.400981e-01 -3.690118e-01
8.335401e-01 -3.864283e-01 1.407790e-01 -3.688705e-01
8.336096e-01 -3.861639e-01 1.414595e-01 -3.687297e-01
8.336779e-01 -3.859006e-01 1.421397e-01 -3.685895e-01
8.337447e-01 -3.856384e-01 1.428195e-01 -3.684500e-01
8.338101e-01 -3.853773e-01 1.434990e-01 -3.683112e-01
8.338740e-01 -3.851174e-01 1.441783e-01 -3.681730e-01
8.339365e-01 -3.848586e-01 1.448572e-01 -3.680355e-01
8.339974e-01 -3.846011e-01 1.455360e-01 -3.678988e-01
8.340568e-01 -3.843449e-01 1.462146e-01 -3.677628e-01
8.341147e-01 -3.840899e-01 1.468930e-01 -3.676276e-01
8.341709e-01 -3.838363e-01 1.475713e-01 -3.674932e-01
8.342255e-01 -3.835841e-01 1.482494e-01 -3.673596e-01
8.342785e-01 -3.833333e-01 1.489275e-01 -3.672269e-01
8.343297e-01 -3.830840e-01 1.496055e-01 -3.670950e-01
8.343792e-01 -3.828362e-01 1.502836e-01 -3.669641e-01
8.344269e-01 -3.825900e-01 1.509616e-01 -3.668341e-01
8.344727e-01 -3.823454e-01 1.516397e-01 -3.667051e-01
8.345168e-01 -3.821025e-01 1.523179e-01 -3.665770e-01
8.345589e-01 -3.818613e-01 1.529963e-01 -3.664500e-01
8.345990e-01 -3.816219e-01 1.536748e-01 -3.663240e-01
8.346372e-01 -3.813843e-01 1.543535e-01 -3.661991e-01
8.346733e-01 -3.811486e-01 1.550324e-01 -3.660753e-01
8.347073e-01 -3.809149e-01 1.557117e-01 -3.659527e-01
8.347392e-01 -3.806831e-01 1.563913e-01 -3.658312e-01
8.347690e-01 -3.804535e-01 1.570712e-01 -3.657110e-01
8.347965e-01 -3.802259e-01 1.577516e-01 -3.655920e-01
8.348217e-01 -3.800005e-01 1.584324e-01 -3.654743e-01
8.348446e-01 -3.797774e-01 1.591138e-01 -3.653579e-01
8.348651e-01 -3.795566e-01 1.597956e-01 -3.652429e-01
8.348832e-01 -3.793382e-01 1.604781e-01 -3.651293e-01
8.348988e-01 -3.791222e-01 1.611612e-01 -3.650171e-01
8.349118e-01 -3.789087e-01 1.618450e-01 -3.649063e-01
8.349223e-01 -3.786978e-01 1.625296e-01 -3.647970e-01
8.349301e-01 -3.784896e-01 1.632149e-01 -3.646893e-01
8.349352e-01 -3.782841e-01 1.639011e-01 -3.645831e-01
8.349375e-01 -3.780814e-01 1.645882e-01 -3.644786e-01
8.349370e-01 -3.778815e-01 1.652762e-01 -3.643756e-01
8.349336e-01 -3.776846e-01 1.659651e-01 -3.642744e-01
8.349272e-01 -3.774908e-01 1.666552e-01 -3.641748e-01
8.349179e-01 -3.773000e-01 1.673463e-01 -3.640770e-01
8.349055e-01 -3.771123e-01 1.680385e-01 -3.639810e-01
8.348900e-01 -3.769279e-01 1.687319e-01 -3.638868e-01
8.348713e-01 -3.767469e-01 1.694266e-01 -3.637944e-01
8.348494e-01 -3.765691e-01 1.701226e-01 -3.637039e-01
8.348242e-01 -3.763949e-01 1.708199e-01 -3.636153e-01
8.347956e-01 -3.762242e-01 1.715186e-01 -3.635286e-01
8.347637e-01 -3.760570e-01 1.722187e-01 -3.634439e-01
8.347283e-01 -3.758936e-01 1.729203e-01 -3.633611e-01
8.346894e-01 -3.757338e-01 1.736234e-01 -3.632804e-01
8.346469e-01 -3.755779e-01 1.743281e-01 -3.632017e-01
8.346008e-01 -3.754258e-01 1.750345e-01 -3.631251e-01
8.345511e-01 -3.752777e-01 1.757424e-01 -3.630505e-01
8.344977e-01 -3.751336e-01 1.764521e-01 -3.629780e-01
8.344406e-01 -3.749935e-01 1.771635e-01 -3.629076e-01
8.343796e-01 -3.748575e-01 1.778767e-01 -3.628393e-01
8.343149e-01 -3.747256e-01 1.785917e-01 -3.627731e-01
8.342463e-01 -3.745980e-01 1.793085e-01 -3.627091e-01
8.341739e-01 -3.744745e-01 1.800272e-01 -3.626471e-01
8.340976e-01 -3.743554e-01 1.807477e-01 -3.625873e-01
8.340173e-01 -3.742406e-01 1.814702e-01 -3.625295e-01
8.339332e-01 -3.741301e-01 1.821946e-01 -3.624738e-01
8.338451e-01 -3.740240e-01 1.829209e-01 -3.624202e-01
8.337530e-01 -3.739222e-01 1.836491e-01 -3.623687e-01
8.336571e-01 -3.738249e-01 1.843793e-01 -3.623191e-01
8.335572e-01 -3.737319e-01 1.851114e-01 -3.622715e-01
8.334534e-01 -3.736433e-01 1.858454e-01 -3.622259e-01
8.333458e-01 -3.735590e-01 1.865813e-01 -3.621822e-01
8.332342e-01 -3.734791e-01 1.873192e-01 -3.621402e-01
8.331189e-01 -3.734036e-01 1.880588e-01 -3.621001e-01
8.329999e-01 -3.733323e-01 1.888003e-01 -3.620617e-01
8.328771e-01 -3.732652e-01 1.895436e-01 -3.620249e-01
8.327507e-01 -3.732022e-01 1.902887e-01 -3.619897e-01
8.326208e-01 -3.731434e-01 1.910354e-01 -3.619560e-01
8.324874e-01 -3.730885e-01 1.917837e-01 -3.619236e-01
8.323506e-01 -3.730376e-01 1.925336e-01 -3.618925e-01
8.322106e-01 -3.729905e-01 1.932849e-01 -3.618625e-01
8.320675e-01 -3.729470e-01 1.940376e-01 -3.618337e-01
8.319214e-01 -3.729071e-01 1.947916e-01 -3.618057e-01
8.317724e-01 -3.728706e-01 1.955467e-01 -3.617785e-01
8.316208e-01 -3.728373e-01 1.963029e-01 -3.617519e-01
8.314666e-01 -3.728072e-01 1.970599e-01 -3.617258e-01
8.313101e-01 -3.727798e-01 1.978178e-01 -3.617000e-01
8.311514e-01 -3.727552e-01 1.985763e-01 -3.616744e-01
8.309908e-01 -3.727331e-01 1.993353e-01 -3.616487e-01
8.308285e-01 -3.727132e-01 2.000945e-01 -3.616228e-01
8.306647e-01 -3.726953e-01 2.008539e-01 -3.615965e-01
8.304997e-01 -3.726791e-01 2.016133e-01 -3.615695e-01
8.303338e-01 -3.726645e-01 2.023724e-01 -3.615418e-01
8.301671e-01 -3.726510e-01 2.031310e-01 -3.615130e-01
8.300001e-01 -3.726384e-01 2.038889e-01 -3.614829e-01
8.298329e-01 -3.726264e-01 2.046459e-01 -3.614513e-01
8.296659e-01 -3.726146e-01 2.054018e-01 -3.614179e-01
8.294995e-01 -3.726028e-01 2.061563e-01 -3.613826e-01
8.293339e-01 -3.725906e-01 2.069091e-01 -3.613450e-01
8.291695e-01 -3.725775e-01 2.076600e-01 -3.613050e-01
8.290066e-01 -3.725633e-01 2.084088e-01 -3.612621e-01
8.288457e-01 -3.725476e-01 2.091552e-01 -3.612163e-01
8.286870e-01 -3.725300e-01 2.098988e-01 -3.611672e-01
8.285310e-01 -3.725100e-01 2.106394e-01 -3.611145e-01
8.283780e-01 -3.724874e-01 2.113767e-01 -3.610580e-01
8.282285e-01 -3.724616e-01 2.121104e-01 -3.609974e-01
8.280827e-01 -3.724323e-01 2.128402e-01 -3.609325e-01
8.279412e-01 -3.723990e-01 2.135659e-01 -3.608629e-01
8.278042e-01 -3.723613e-01 2.142870e-01 -3.607885e-01
8.276722e-01 -3.723189e-01 2.150034e-01 -3.607089e-01
8.275456e-01 -3.722713e-01 2.157147e-01 -3.606238e-01
8.274248e-01 -3.722180e-01 2.164205e-01 -3.605331e-01
8.273101e-01 -3.721586e-01 2.171207e-01 -3.604365e-01
8.272020e-01 -3.720929e-01 2.178149e-01 -3.603337e-01
8.271008e-01 -3.720202e-01 2.185028e-01 -3.602245e-01
8.270069e-01 -3.719403e-01 2.191842e-01 -3.601087e-01
8.269207e-01 -3.718527e-01 2.198587e-01 -3.599859e-01
8.268425e-01 -3.717571e-01 2.205261e-01 -3.598562e-01
8.267726e-01 -3.716530e-01 2.211861e-01 -3.597191e-01
8.267114e-01 -3.715402e-01 2.218384e-01 -3.595745e-01
8.266592e-01 -3.714182e-01 2.224829e-01 -3.594223e-01
8.266163e-01 -3.712868e-01 2.231193e-01 -3.592623e-01
8.265830e-01 -3.711456e-01 2.237473e-01 -3.590943e-01
8.265595e-01 -3.709943e-01 2.243667e-01 -3.589181e-01
8.265461e-01 -3.708326e-01 2.249774e-01 -3.587337e-01
8.265431e-01 -3.706603e-01 2.255791e-01 -3.585409e-01
8.265506e-01 -3.704771e-01 2.261716e-01 -3.583396e-01
8.265688e-01 -3.702827e-01 2.267549e-01 -3.581297e-01
8.265980e-01 -3.700769e-01 2.273287e-01 -3.579112e-01
8.266383e-01 -3.698597e-01 2.278930e-01 -3.576839e-01
8.266897e-01 -3.696306e-01 2.284475e-01 -3.574479e-01
8.267526e-01 -3.693897e-01 2.289923e-01 -3.572030e-01
8.268268e-01 -3.691368e-01 2.295272e-01 -3.569493e-01
8.269125e-01 -3.688717e-01 2.300520e-01 -3.566867e-01
8.270098e-01 -3.685945e-01 2.305669e-01 -3.564153e-01
8.271186e-01 -3.683049e-01 2.310717e-01 -3.561350e-01
8.272391e-01 -3.680029e-01 2.315664e-01 -3.558460e-01
8.273711e-01 -3.676886e-01 2.320511e-01 -3.555482e-01
8.275147e-01 -3.673618e-01 2.325256e-01 -3.552417e-01
8.276697e-01 -3.670226e-01 2.329900e-01 -3.549266e-01
8.278363e-01 -3.666711e-01 2.334443e-01 -3.546029e-01
8.280142e-01 -3.663072e-01 2.338886e-01 -3.542707e-01
8.282033e-01 -3.659310e-01 2.343230e-01 -3.539301e-01
8.284036e-01 -3.655426e-01 2.347474e-01 -3.535813e-01
8.286149e-01 -3.651421e-01 2.351621e-01 -3.532244e-01
8.288370e-01 -3.647296e-01 2.355670e-01 -3.528594e-01
8.290699e-01 -3.643051e-01 2.359622e-01 -3.524865e-01
8.293133e-01 -3.638689e-01 2.363479e-01 -3.521059e-01
8.295670e-01 -3.634211e-01 2.367243e-01 -3.517176e-01
8.298309e-01 -3.629619e-01 2.370913e-01 -3.513219e-01
8.301047e-01 -3.624913e-01 2.374492e-01 -3.509190e-01
8.303883e-01 -3.620096e-01 2.377981e-01 -3.505088e-01
8.306813e-01 -3.615170e-01 2.381382e-01 -3.500917e-01
8.309836e-01 -3.610137e-01 2.384695e-01 -3.496678e-01
8.312950e-01 -3.604999e-01 2.387923e-01 -3.492373e-01
8.316151e-01 -3.599757e-01 2.391068e-01 -3.488003e-01
8.319438e-01 -3.594415e-01 2.394131e-01 -3.483571e-01
8.322808e-01 -3.588974e-01 2.397113e-01 -3.479077e-01
8.326258e-01 -3.583437e-01 2.400017e-01 -3.474525e-01
8.329786e-01 -3.577805e-01 2.402845e-01 -3.469915e-01
8.333389e-01 -3.572082e-01 2.405597e-01 -3.465249e-01
8.337065e-01 -3.566270e-01 2.408277e-01 -3.460530e-01
8.340811e-01 -3.560370e-01 2.410885e-01 -3.455759e-01
8.344624e-01 -3.554386e-01 2.413425e-01 -3.450938e-01
8.348502e-01 -3.548320e-01 2.415896e-01 -3.446068e-01
8.352442e-01 -3.542175e-01 2.418303e-01 -3.441152e-01
8.356442e-01 -3.535952e-01 2.420645e-01 -3.436190e-01
8.360499e-01 -3.529654e-01 2.422926e-01 -3.431186e-01
8.364610e-01 -3.523283e-01 2.425147e-01 -3.426140e-01
8.368774e-01 -3.516843e-01 2.427309e-01 -3.421054e-01
8.372994e-01 -3.510321e-01 2.429430e-01 -3.415918e-01
8.377254e-01 -3.503748e-01 2.431481e-01 -3.410757e-01
8.381560e-01 -3.497110e-01 2.433479e-01 -3.405562e-01
8.385908e-01 -3.490412e-01 2.435427e-01 -3.400333e-01
8.390297e-01 -3.483656e-01 2.437324e-01 -3.395072e-01
8.394724e-01 -3.476842e-01 2.439174e-01 -3.389780e-01
8.399187e-01 -3.469975e-01 2.440978e-01 -3.384459e-01
8.403684e-01 -3.463055e-01 2.442736e-01 -3.379111e-01
8.408212e-01 -3.456085e-01 2.444452e-01 -3.373737e-01
8.412771e-01 -3.449066e-01 2.446126e-01 -3.368337e-01
8.417357e-01 -3.442002e-01 2.447761e-01 -3.362914e-01
8.421970e-01 -3.434893e-01 2.449356e-01 -3.357468e-01
8.426606e-01 -3.427742e-01 2.450915e-01 -3.352001e-01
8.431265e-01 -3.420550e-01 2.452437e-01 -3.346514e-01
8.435945e-01 -3.413320e-01 2.453925e-01 -3.341008e-01
8.440644e-01 -3.406052e-01 2.455380e-01 -3.335484e-01
8.445360e-01 -3.398750e-01 2.456803e-01 -3.329943e-01
8.450091e-01 -3.391413e-01 2.458195e-01 -3.324387e-01
8.454837e-01 -3.384045e-01 2.459558e-01 -3.318816e-01
8.459596e-01 -3.376646e-01 2.460892e-01 -3.313231e-01
8.464367e-01 -3.369218e-01 2.462199e-01 -3.307633e-01
8.469147e-01 -3.361763e-01 2.463481e-01 -3.302023e-01
8.473937e-01 -3.354281e-01 2.464736e-01 -3.296402e-01
8.478734e-01 -3.346775e-01 2.465968e-01 -3.290771e-01
8.483537e-01 -3.339246e-01 2.467177e-01 -3.285130e-01
8.488345e-01 -3.331694e-01 2.468364e-01 -3.279481e-01
8.493158e-01 -3.324121e-01 2.469529e-01 -3.273823e-01
8.497973e-01 -3.316529e-01 2.470674e-01 -3.268158e-01
8.502790e-01 -3.308918e-01 2.471800e-01 -3.262487e-01
8.507609e-01 -3.301290e-01 2.472907e-01 -3.256809e-01
8.512428e-01 -3.293645e-01 2.473996e-01 -3.251126e-01
8.517245e-01 -3.285986e-01 2.475068e-01 -3.245438e-01
8.522061e-01 -3.278311e-01 2.476123e-01 -3.239747e-01
8.526875e-01 -3.270624e-01 2.477163e-01 -3.234051e-01
8.531685e-01 -3.262924e-01 2.478188e-01 -3.228352e-01
8.536492e-01 -3.255213e-01 2.479198e-01 -3.222650e-01
8.541293e-01 -3.247491e-01 2.480194e-01 -3.216947e-01
8.546090e-01 -3.239759e-01 2.481177e-01 -3.211241e-01
8.550880e-01 -3.232018e-01 2.482148e-01 -3.205535e-01
8.555664e-01 -3.224269e-01 2.483107e-01 -3.199827e-01
8.560440e-01 -3.216512e-01 2.484054e-01 -3.194119e-01
8.565209e-01 -3.208749e-01 2.484990e-01 -3.188410e-01
8.569969e-01 -3.200979e-01 2.485915e-01 -3.182702e-01
8.574720e-01 -3.193204e-01 2.486831e-01 -3.176995e-01
8.579463e-01 -3.185423e-01 2.487736e-01 -3.171288e-01
8.584195e-01 -3.177639e-01 2.488633e-01 -3.165583e-01
8.588917e-01 -3.169851e-01 2.489521e-01 -3.159879e-01
8.593629e-01 -3.162059e-01 2.490400e-01 -3.154176e-01
8.598330e-01 -3.154265e-01 2.491271e-01 -3.148476e-01
8.603019e-01 -3.146469e-01 2.492134e-01 -3.142778e-01
8.607697e-01 -3.138671e-01 2.492991e-01 -3.137083e-01
8.612363e-01 -3.130872e-01 2.493840e-01 -3.131390e-01
8.617017e-01 -3.123073e-01 2.494682e-01 -3.125700e-01
8.621658e-01 -3.115273e-01 2.495518e-01 -3.120014e-01
8.626286e-01 -3.107472e-01 2.496347e-01 -3.114331e-01
8.630901e-01 -3.099673e-01 2.497171e-01 -3.108651e-01
8.635503e-01 -3.091874e-01 2.497989e-01 -3.102975e-01
8.640091e-01 -3.084076e-01 2.498802e-01 -3.097303e-01
8.644666e-01 -3.076280e-01 2.499610e-01 -3.091635e-01
8.649226e-01 -3.068486e-01 2.500413e-01 -3.085971e-01
8.653773e-01 -3.060694e-01 2.501211e-01 -3.080311e-01
8.658305e-01 -3.052904e-01 2.502004e-01 -3.074656e-01
8.662823e-01 -3.045117e-01 2.502793e-01 -3.069005e-01
8.667326e-01 -3.037333e-01 2.503578e-01 -3.063359e-01
8.671814e-01 -3.029552e-01 2.504359e-01 -3.057718e-01
8.676287e-01 -3.021775e-01 2.505136e-01 -3.052082e-01
8.680746e-01 -3.014002e-01 2.505910e-01 -3.046451e-01
8.685189e-01 -3.006232e-01 2.506680e-01 -3.040824e-01
8.689617e-01 -2.998466e-01 2.507447e-01 -3.035203e-01
8.694030e-01 -2.990705e-01 2.508210e-01 -3.029587e-01
8.698428e-01 -2.982949e-01 2.508970e-01 -3.023977e-01
8.702810e-01 -2.975197e-01 2.509728e-01 -3.018372e-01
8.707177e-01 -2.967450e-01 2.510482e-01 -3.012772e-01
8.711528e-01 -2.959708e-01 2.511234e-01 -3.007178e-01
8.715863e-01 -2.951972e-01 2.511983e-01 -3.001589e-01
8.720183e-01 -2.944241e-01 2.512730e-01 -2.996006e-01
8.724487e-01 -2.936515e-01 2.513474e-01 -2.990429e-01
8.728775e-01 -2.928795e-01 2.514216e-01 -2.984857e-01
8.733047e-01 -2.921081e-01 2.514955e-01 -2.979291e-01
8.737304e-01 -2.913373e-01 2.515692e-01 -2.973731e-01
8.741545e-01 -2.905671e-01 2.516427e-01 -2.968176e-01
8.745769e-01 -2.897975e-01 2.517160e-01 -2.962628e-01
8.749978e-01 -2.890285e-01 2.517892e-01 -2.957085e-01
8.754172e-01 -2.882602e-01 2.518621e-01 -2.951548e-01
8.758349e-01 -2.874925e-01 2.519348e-01 -2.946017e-01
8.762510e-01 -2.867255e-01 2.520073e-01 -2.940492e-01
8.766656e-01 -2.859591e-01 2.520797e-01 -2.934973e-01
8.770785e-01 -2.851934e-01 2.521519e-01 -2.929461e-01
8.774899e-01 -2.844284e-01 2.522240e-01 -2.923954e-01
8.778997e-01 -2.836640e-01 2.522958e-01 -2.918453e-01
8.783079e-01 -2.829004e-01 2.523676e-01 -2.912958e-01
8.787145e-01 -2.821375e-01 2.524391e-01 -2.907469e-01
8.791195e-01 -2.813753e-01 2.525105e-01 -2.901986e-01
8.795230e-01 -2.806137e-01 2.525818e-01 -2.896510e-01
8.799249e-01 -2.798530e-01 2.526529e-01 -2.891039e-01
8.803252e-01 -2.790929e-01 2.527239e-01 -2.885574e-01
8.807239e-01 -2.783335e-01 2.527948e-01 -2.880116e-01
8.811210e-01 -2.775749e-01 2.528655e-01 -2.874664e-01
8.815166e-01 -2.768171e-01 2.529361e-01 -2.869217e-01
8.819106e-01 -2.760600e-01 2.530066e-01 -2.863777e-01
8.823031e-01 -2.753036e-01 2.530769e-01 -2.858343e-01
8.826940e-01 -2.745480e-01 2.531471e-01 -2.852915e-01
8.830834e-01 -2.737931e-01 2.532172e-01 -2.847493e-01
8.834712e-01 -2.730390e-01 2.532872e-01 -2.842077e-01
8.838574e-01 -2.722856e-01 2.533570e-01 -2.836668e-01
8.842421e-01 -2.715330e-01 2.534267e-01 -2.831264e-01
8.846253e-01 -2.707812e-01 2.534963e-01 -2.825866e-01
8.850069e-01 -2.700302e-01 2.535658e-01 -2.820475e-01
8.853871e-01 -2.692799e-01 2.536352e-01 -2.815089e-01
8.857656e-01 -2.685304e-01 2.537045e-01 -2.809710e-01
8.861427e-01 -2.677816e-01 2.537737e-01 -2.804337e-01
8.865182e-01 -2.670337e-01 2.538427e-01 -2.798970e-01
8.868923e-01 -2.662865e-01 2.539116e-01 -2.793608e-01
8.872648e-01 -2.655401e-01 2.539805e-01 -2.788253e-01
8.876358e-01 -2.647945e-01 2.540492e-01 -2.782904e-01
8.880053e-01 -2.640497e-01 2.541178e-01 -2.777561e-01
8.883734e-01 -2.633056e-01 2.541863e-01 -2.772224e-01
8.887399e-01 -2.625624e-01 2.542547e-01 -2.766893e-01
8.891049e-01 -2.618199e-01 2.543230e-01 -2.761567e-01
8.894685e-01 -2.610782e-01 2.543912e-01 -2.756248e-01
8.898306e-01 -2.603373e-01 2.544593e-01 -2.750935e-01
8.901912e-01 -2.595972e-01 2.545273e-01 -2.745628e-01
8.905504e-01 -2.588579e-01 2.545951e-01 -2.740327e-01
8.909081e-01 -2.581194e-01 2.546629e-01 -2.735031e-01
8.912643e-01 -2.573817e-01 2.547306e-01 -2.729742e-01
8.916191e-01 -2.566448e-01 2.547981e-01 -2.724459e-01
8.919725e-01 -2.559086e-01 2.548656e-01 -2.719181e-01
8.923244e-01 -2.551733e-01 2.549329e-01 -2.713910e-01
8.926748e-01 -2.544387e-01 2.550002e-01 -2.708644e-01
8.930239e-01 -2.537050e-01 2.550673e-01 -2.703384e-01
8.933715e-01 -2.529720e-01 2.551343e-01 -2.698130e-01
8.937176e-01 -2.522399e-01 2.552013e-01 -2.692882e-01
8.940624e-01 -2.515085e-01 2.552681e-01 -2.687640e-01
8.944058e-01 -2.507779e-01 2.553348e-01 -2.682404e-01
8.947477e-01 -2.500482e-01 2.554014e-01 -2.677173e-01
8.950883e-01 -2.493192e-01 2.554679e-01 -2.671948e-01
8.954274e-01 -2.485910e-01 2.555344e-01 -2.666730e-01
8.957652e-01 -2.478636e-01 2.556007e-01 -2.661516e-01
8.961015e-01 -2.471371e-01 2.556669e-01 -2.656309e-01
8.964365e-01 -2.464113e-01 2.557329e-01 -2.651108e-01
8.967701e-01 -2.456863e-01 2.557989e-01 -2.645912e-01
8.971024e-01 -2.449621e-01 2.558648e-01 -2.640722e-01
8.974332e-01 -2.442387e-01 2.559306e-01 -2.635538e-01
8.977627e-01 -2.435161e-01 2.559963e-01 -2.630360e-01
8.980909e-01 -2.427943e-01 2.560618e-01 -2.625187e-01
8.984177e-01 -2.420733e-01 2.561273e-01 -2.620020e-01
8.987431e-01 -2.413531e-01 2.561926e-01 -2.614859e-01
8.990672e-01 -2.406336e-01 2.562579e-01 -2.609703e-01
8.993900e-01 -2.399150e-01 2.563230e-01 -2.604553e-01
8.997114e-01 -2.391972e-01 2.563880e-01 -2.599409e-01
9.000315e-01 -2.384801e-01 2.564529e-01 -2.594271e-01
9.003503e-01 -2.377639e-01 2.565177e-01 -2.589138e-01
9.006677e-01 -2.370485e-01 2.565824e-01 -2.584011e-01
9.009839e-01 -2.363338e-01 2.566470e-01 -2.578889e-01
9.012987e-01 -2.356199e-01 2.567115e-01 -2.573773e-01
9.016122e-01 -2.349069e-01 2.567758e-01 -2.568663e-01
9.019245e-01 -2.341946e-01 2.568401e-01 -2.563559e-01
9.022354e-01 -2.334831e-01 2.569042e-01 -2.558460e-01
9.025450e-01 -2.327724e-01 2.569683e-01 -2.553366e-01
9.028534e-01 -2.320625e-01 2.570322e-01 -2.548278e-01
9.031604e-01 -2.313534e-01 2.570960e-01 -2.543196e-01
9.034662e-01 -2.306451e-01 2.571597e-01 -2.538120e-01
9.037707e-01 -2.299375e-01 2.572233e-01 -2.533048e-01
9.040740e-01 -2.292308e-01 2.572868e-01 -2.527983e-01
9.043760e-01 -2.285248e-01 2.573501e-01 -2.522923e-01
9.046767e-01 -2.278197e-01 2.574134e-01 -2.517869e-01
9.049762e-01 -2.271153e-01 2.574765e-01 -2.512820e-01
9.052744e-01 -2.264117e-01 2.575395e-01 -2.507776e-01
9.055714e-01 -2.257089e-01 2.576024e-01 -2.502738e-01
9.058671e-01 -2.250069e-01 2.576652e-01 -2.497706e-01
9.061616e-01 -2.243057e-01 2.577279e-01 -2.492679e-01
9.064548e-01 -2.236052e-01 2.577904e-01 -2.487658e-01
9.067469e-01 -2.229056e-01 2.578529e-01 -2.482642e-01
9.070377e-01 -2.222067e-01 2.579152e-01 -2.477632e-01
9.073272e-01 -2.215086e-01 2.579774e-01 -2.472627e-01
9.076156e-01 -2.208113e-01 2.580395e-01 -2.467627e-01
9.079028e-01 -2.201148e-01 2.581015e-01 -2.462633e-01
9.081887e-01 -2.194191e-01 2.581634e-01 -2.457645e-01
9.084735e-01 -2.187242e-01 2.582251e-01 -2.452662e-01
9.087570e-01 -2.180300e-01 2.582867e-01 -2.447684e-01
9.090394e-01 -2.173366e-01 2.583482e-01 -2.442712e-01
9.093205e-01 -2.166440e-01 2.584096e-01 -2.437745e-01
9.096005e-01 -2.159522e-01 2.584709e-01 -2.432784e-01
9.098793e-01 -2.152612e-01 2.585321e-01 -2.427828e-01
9.101569e-01 -2.145709e-01 2.585931e-01 -2.422877e-01
9.104333e-01 -2.138815e-01 2.586540e-01 -2.417932e-01
9.107086e-01 -2.131928e-01 2.587148e-01 -2.412992e-01
9.109827e-01 -2.125049e-01 2.587755e-01 -2.408058e-01
9.112557e-01 -2.118177e-01 2.588360e-01 -2.403128e-01
9.115275e-01 -2.111314e-01 2.588965e-01 -2.398205e-01
9.117981e-01 -2.104458e-01 2.589568e-01 -2.393286e-01
9.120676e-01 -2.097610e-01 2.590170e-01 -2.388373e-01
9.123359e-01 -2.090770e-01 2.590771e-01 -2.383466e-01
9.126031e-01 -2.083938e-01 2.591370e-01 -2.378563e-01
9.128691e-01 -2.077113e-01 2.591969e-01 -2.373666e-01
9.131341e-01 -2.070296e-01 2.592566e-01 -2.368775e-01
9.133979e-01 -2.063487e-01 2.593162e-01 -2.363888e-01
9.136605e-01 -2.056686e-01 2.593756e-01 -2.359007e-01
9.139221e-01 -2.049892e-01 2.594350e-01 -2.354132e-01
9.141825e-01 -2.043107e-01 2.594942e-01 -2.349261e-01
9.144418e-01 -2.036329e-01 2.595533e-01 -2.344396e-01
9.147000e-01 -2.029558e-01 2.596123e-01 -2.339536e-01
9.149571e-01 -2.022796e-01 2.596711e-01 -2.334682e-01
9.152131e-01 -2.016041e-01 2.597299e-01 -2.329832e-01
9.154680e-01 -2.009294e-01 2.597885e-01 -2.324988e-01
9.157218e-01 -2.002555e-01 2.598470e-01 -2.320150e-01
9.159745e-01 -1.995823e-01 2.599053e-01 -2.315316e-01
9.162261e-01 -1.989100e-01 2.599636e-01 -2.310488e-01
9.164766e-01 -1.982384e-01 2.600217e-01 -2.305665e-01
9.167261e-01 -1.975675e-01 2.600797e-01 -2.300847e-01
9.169744e-01 -1.968975e-01 2.601376e-01 -2.296035e-01
9.172217e-01 -1.962282e-01 2.601953e-01 -2.291227e-01
9.174679e-01 -1.955596e-01 2.602529e-01 -2.286425e-01
9.177131e-01 -1.948919e-01 2.603104e-01 -2.281629e-01
9.179572e-01 -1.942249e-01 2.603678e-01 -2.276837e-01
9.182002e-01 -1.935587e-01 2.604250e-01 -2.272051e-01
9.184422e-01 -1.928933e-01 2.604822e-01 -2.267269e-01
9.186832e-01 -1.922286e-01 2.605392e-01 -2.262494e-01
9.189230e-01 -1.915647e-01 2.605960e-01 -2.257723e-01
9.191619e-01 -1.909016e-01 2.606528e-01 -2.252957e-01
9.193997e-01 -1.902392e-01 2.607094e-01 -2.248197e-01
9.196364e-01 -1.895777e-01 2.607659e-01 -2.243442e-01
9.198721e-01 -1.889168e-01 2.608223e-01 -2.238692e-01
9.201068e-01 -1.882568e-01 2.608786e-01 -2.233947e-01
9.203405e-01 -1.875975e-01 2.609347e-01 -2.229207e-01
9.205731e-01 -1.869390e-01 2.609907e-01 -2.224473e-01
9.208047e-01 -1.862812e-01 2.610466e-01 -2.219743e-01
9.210353e-01 -1.856243e-01 2.611023e-01 -2.215019e-01
9.212649e-01 -1.849680e-01 2.611580e-01 -2.210300e-01
9.214935e-01 -1.843126e-01 2.612135e-01 -2.205586e-01
9.217211e-01 -1.836579e-01 2.612689e-01 -2.200878e-01
9.219476e-01 -1.830040e-01 2.613241e-01 -2.196174e-01
9.221732e-01 -1.823508e-01 2.613793e-01 -2.191476e-01
9.223976e-01 -1.816995e-01 2.614333e-01 -2.186793e-01
9.226212e-01 -1.810478e-01 2.614882e-01 -2.182104e-01
9.228438e-01 -1.803970e-01 2.615429e-01 -2.177421e-01
9.230653e-01 -1.797469e-01 2.615976e-01 -2.172743e-01
9.232859e-01 -1.790975e-01 2.616521e-01 -2.168071e-01
9.235056e-01 -1.784490e-01 2.617065e-01 -2.163403e-01
9.237242e-01 -1.778012e-01 2.617608e-01 -2.158740e-01
9.239419e-01 -1.771541e-01 2.618150e-01 -2.154083e-01
9.241586e-01 -1.765078e-01 2.618690e-01 -2.149430e-01
9.243743e-01 -1.758623e-01 2.619229e-01 -2.144783e-01
9.245891e-01 -1.752175e-01 2.619768e-01 -2.140141e-01
9.248029e-01 -1.745735e-01 2.620304e-01 -2.135504e-01
9.250157e-01 -1.739303e-01 2.620840e-01 -2.130872e-01
9.252276e-01 -1.732878e-01 2.621375e-01 -2.126245e-01
9.254385e-01 -1.726460e-01 2.621908e-01 -2.121623e-01
9.256485e-01 -1.720051e-01 2.622441e-01 -2.117006e-01
9.258575e-01 -1.713648e-01 2.622972e-01 -2.112394e-01
9.260656e-01 -1.707254e-01 2.623502e-01 -2.107788e-01
9.262728e-01 -1.700867e-01 2.624031e-01 -2.103186e-01
9.264790e-01 -1.694487e-01 2.624558e-01 -2.098589e-01
9.266842e-01 -1.688115e-01 2.625085e-01 -2.093998e-01
9.268886e-01 -1.681751e-01 2.625611e-01 -2.089411e-01
9.270920e-01 -1.675394e-01 2.626135e-01 -2.084830e-01
9.272945e-01 -1.669044e-01 2.626659e-01 -2.080253e-01
9.274960e-01 -1.662702e-01 2.627181e-01 -2.075682e-01
9.276966e-01 -1.656368e-01 2.627703e-01 -2.071116e-01
9.278963e-01 -1.650041e-01 2.628223e-01 -2.066554e-01
9.280951e-01 -1.643721e-01 2.628743e-01 -2.061998e-01
9.282930e-01 -1.637409e-01 2.629262e-01 -2.057446e-01
9.284900e-01 -1.631104e-01 2.629779e-01 -2.052900e-01
9.286860e-01 -1.624807e-01 2.630296e-01 -2.048359e-01
9.288812e-01 -1.618517e-01 2.630812e-01 -2.043822e-01
9.290754e-01 -1.612234e-01 2.631327e-01 -2.039291e-01
9.292688e-01 -1.605959e-01 2.631841e-01 -2.034764e-01
9.294612e-01 -1.599691e-01 2.632355e-01 -2.030243e-01
9.296527e-01 -1.593431e-01 2.632867e-01 -2.025726e-01
9.298434e-01 -1.587178e-01 2.633379e-01 -2.021215e-01
9.300331e-01 -1.580932e-01 2.633890e-01 -2.016708e-01
9.302220e-01 -1.574693e-01 2.634401e-01 -2.012206e-01
9.304100e-01 -1.568462e-01 2.634911e-01 -2.007710e-01
9.305971e-01 -1.562238e-01 2.635420e-01 -2.003218e-01
9.307833e-01 -1.556021e-01 2.635929e-01 -1.998731e-01
9.309686e-01 -1.549811e-01 2.636438e-01 -1.994249e-01
9.311530e-01 -1.543608e-01 2.636945e-01 -1.989772e-01
9.313366e-01 -1.537413e-01 2.637453e-01 -1.985300e-01
9.315193e-01 -1.531225e-01 2.637960e-01 -1.980832e-01
9.317011e-01 -1.525043e-01 2.638467e-01 -1.976370e-01
9.318820e-01 -1.518869e-01 2.638974e-01 -1.971912e-01
9.320621e-01 -1.512702e-01 2.639480e-01 -1.967460e-01
9.322413e-01 -1.506542e-01 2.639987e-01 -1.963012e-01
9.324196e-01 -1.500389e-01 2.640493e-01 -1.958569e-01
9.325971e-01 -1.494242e-01 2.641000e-01 -1.954130e-01
9.327737e-01 -1.488103e-01 2.641506e-01 -1.949697e-01
9.329494e-01 -1.481970e-01 2.642013e-01 -1.945268e-01
9.331243e-01 -1.475844e-01 2.642520e-01 -1.940844e-01
9.332983e-01 -1.469725e-01 2.643027e-01 -1.936425e-01
9.334714e-01 -1.463612e-01 2.643535e-01 -1.932011e-01
9.336437e-01 -1.457507e-01 2.644044e-01 -1.927601e-01
9.338151e-01 -1.451407e-01 2.644553e-01 -1.923197e-01
9.339857e-01 -1.445315e-01 2.645062e-01 -1.918796e-01
9.341554e-01 -1.439229e-01 2.645573e-01 -1.914401e-01
9.343243e-01 -1.433149e-01 2.646084e-01 -1.910010e-01
9.344923e-01 -1.427076e-01 2.646596e-01 -1.905624e-01
9.346594e-01 -1.421009e-01 2.647110e-01 -1.901243e-01
9.348257e-01 -1.414948e-01 2.647625e-01 -1.896866e-01
9.349911e-01 -1.408894e-01 2.648141e-01 -1.892493e-01
9.351557e-01 -1.402846e-01 2.648658e-01 -1.888126e-01
9.353194e-01 -1.396804e-01 2.649177e-01 -1.883763e-01
9.354823e-01 -1.390768e-01 2.649698e-01 -1.879404e-01
9.356443e-01 -1.384738e-01 2.650221e-01 -1.875050e-01
9.358054e-01 -1.378713e-01 2.650746e-01 -1.870701e-01
9.359657e-01 -1.372695e-01 2.651273e-01 -1.866356e-01
9.361251e-01 -1.366683e-01 2.651802e-01 -1.862015e-01
9.362837e-01 -1.360676e-01 2.652333e-01 -1.857679e-01
9.364414e-01 -1.354675e-01 2.652867e-01 -1.853347e-01
9.365983e-01 -1.348679e-01 2.653404e-01 -1.849020e-01
9.367543e-01 -1.342689e-01 2.653944e-01 -1.844697e-01
9.369095e-01 -1.336704e-01 2.654486e-01 -1.840378e-01
9.370637e-01 -1.330725e-01 2.655032e-01 -1.836063e-01
9.372172e-01 -1.324751e-01 2.655582e-01 -1.831753e-01
9.373697e-01 -1.318782e-01 2.656134e-01 -1.827447e-01
9.375214e-01 -1.312818e-01 2.656691e-01 -1.823145e-01
9.376723e-01 -1.306860e-01 2.657251e-01 -1.818848e-01
9.378222e-01 -1.300906e-01 2.657815e-01 -1.814554e-01
9.379714e-01 -1.294957e-01 2.658383e-01 -1.810265e-01
9.381196e-01 -1.289013e-01 2.658956e-01 -1.805980e-01
9.382670e-01 -1.283074e-01 2.659533e-01 -1.801699e-01
9.384135e-01 -1.277139e-01 2.660114e-01 -1.797421e-01
9.385591e-01 -1.271209e-01 2.660701e-01 -1.793148e-01
9.387039e-01 -1.265284e-01 2.661292e-01 -1.788879e-01
9.388478e-01 -1.259363e-01 2.661888e-01 -1.784613e-01
9.389908e-01 -1.253447e-01 2.662490e-01 -1.780351e-01
9.391329e-01 -1.247535e-01 2.663097e-01 -1.776094e-01
9.392742e-01 -1.241627e-01 2.663709e-01 -1.771840e-01
9.394146e-01 -1.235723e-01 2.664327e-01 -1.767589e-01
9.395541e-01 -1.229824e-01 2.664951e-01 -1.763342e-01
9.396928e-01 -1.223929e-01 2.665581e-01 -1.759099e-01
9.398305e-01 -1.218038e-01 2.666216e-01 -1.754860e-01
9.399674e-01 -1.212151e-01 2.666857e-01 -1.750624e-01
9.401034e-01 -1.206268e-01 2.667505e-01 -1.746392e-01
9.402386e-01 -1.200390e-01 2.668159e-01 -1.742163e-01
9.403729e-01 -1.194516e-01 2.668818e-01 -1.737937e-01
9.405063e-01 -1.188645e-01 2.669484e-01 -1.733715e-01
9.406388e-01 -1.182779e-01 2.670156e-01 -1.729497e-01
9.407705e-01 -1.176917e-01 2.670835e-01 -1.725281e-01
9.409013e-01 -1.171060e-01 2.671519e-01 -1.721069e-01
9.410313e-01 -1.165206e-01 2.672209e-01 -1.716860e-01
9.411604e-01 -1.159357e-01 2.672906e-01 -1.712654e-01
9.412886e-01 -1.153513e-01 2.673608e-01 -1.708452e-01
9.414160e-01 -1.147673e-01 2.674315e-01 -1.704252e-01
9.415426e-01 -1.141838e-01 2.675029e-01 -1.700056e-01
9.416683e-01 -1.136008e-01 2.675747e-01 -1.695862e-01
9.417932e-01 -1.130183e-01 2.676470e-01 -1.691672e-01
9.419173e-01 -1.124363e-01 2.677198e-01 -1.687484e-01
9.420405e-01 -1.118549e-01 2.677930e-01 -1.683300e-01
9.421630e-01 -1.112740e-01 2.678666e-01 -1.679118e-01
9.422847e-01 -1.106938e-01 2.679406e-01 -1.674940e-01
9.424057e-01 -1.101142e-01 2.680148e-01 -1.670764e-01
9.425258e-01 -1.095352e-01 2.680893e-01 -1.666591e-01
9.426453e-01 -1.089569e-01 2.681640e-01 -1.662420e-01
9.427640e-01 -1.083794e-01 2.682387e-01 -1.658253e-01
9.428819e-01 -1.078026e-01 2.683135e-01 -1.654088e-01
9.429993e-01 -1.072267e-01 2.683883e-01 -1.649926e-01
9.431159e-01 -1.066516e-01 2.684630e-01 -1.645767e-01
9.432319e-01 -1.060774e-01 2.685374e-01 -1.641611e-01
9.433473e-01 -1.055043e-01 2.686115e-01 -1.637457e-01
9.434620e-01 -1.049321e-01 2.686852e-01 -1.633306e-01
9.435762e-01 -1.043611e-01 2.687584e-01 -1.629158e-01
9.436899e-01 -1.037912e-01 2.688309e-01 -1.625013e-01
9.438031e-01 -1.032225e-01 2.689026e-01 -1.620871e-01
9.439158e-01 -1.026552e-01 2.689734e-01 -1.616731e-01
9.440281e-01 -1.020892e-01 2.690432e-01 -1.612594e-01
9.441399e-01 -1.015247e-01 2.691117e-01 -1.608461e-01
9.442514e-01 -1.009618e-01 2.691788e-01 -1.604330e-01
9.443626e-01 -1.004005e-01 2.692444e-01 -1.600202e-01
9.444735e-01 -9.984096e-02 2.693083e-01 -1.596077e-01
9.445842e-01 -9.928325e-02 2.693702e-01 -1.591956e-01
9.446947e-01 -9.872750e-02 2.694300e-01 -1.587838e-01
9.448051e-01 -9.817379e-02 2.694876e-01 -1.583723e-01
9.449153e-01 -9.762226e-02 2.695425e-01 -1.579611e-01
9.450256e-01 -9.707300e-02 2.695948e-01 -1.575503e-01
9.451359e-01 -9.652615e-02 2.696440e-01 -1.571398e-01
9.452463e-01 -9.598181e-02 2.696901e-01 -1.567297e-01
9.453568e-01 -9.544013e-02 2.697327e-01 -1.563200e-01
9.454676e-01 -9.490123e-02 2.697715e-01 -1.559107e-01
9.455786e-01 -9.436524e-02 2.698065e-01 -1.555018e-01
9.456900e-01 -9.383230e-02 2.698372e-01 -1.550933e-01
9.458017e-01 -9.330254e-02 2.698633e-01 -1.546852e-01
9.459140e-01 -9.277611e-02 2.698848e-01 -1.542776e-01
9.460268e-01 -9.225314e-02 2.699011e-01 -1.538704e-01
9.461402e-01 -9.173379e-02 2.699121e-01 -1.534638e-01
9.462543e-01 -9.121819e-02 2.699175e-01 -1.530576e-01
9.463691e-01 -9.070649e-02 2.699170e-01 -1.526519e-01
9.464848e-01 -9.019883e-02 2.699103e-01 -1.522467e-01
9.466014e-01 -8.969537e-02 2.698971e-01 -1.518421e-01
9.467190e-01 -8.919624e-02 2.698771e-01 -1.514381e-01
9.468376e-01 -8.870159e-02 2.698500e-01 -1.510346e-01
9.469574e-01 -8.821156e-02 2.698156e-01 -1.506318e-01
9.470784e-01 -8.772629e-02 2.697735e-01 -1.502295e-01
9.472006e-01 -8.724591e-02 2.697234e-01 -1.498279e-01
9.473242e-01 -8.677057e-02 2.696651e-01 -1.494270e-01
9.474492e-01 -8.630040e-02 2.695984e-01 -1.490268e-01
9.475757e-01 -8.583551e-02 2.695228e-01 -1.486272e-01
9.477037e-01 -8.537603e-02 2.694383e-01 -1.482284e-01
9.478333e-01 -8.492208e-02 2.693444e-01 -1.478303e-01
9.479646e-01 -8.447377e-02 2.692411e-01 -1.474329e-01
9.480977e-01 -8.403120e-02 2.691279e-01 -1.470364e-01
9.482325e-01 -8.359447e-02 2.690049e-01 -1.466406e-01
9.483692e-01 -8.316369e-02 2.688716e-01 -1.462457e-01
9.485077e-01 -8.273892e-02 2.687279e-01 -1.458515e-01
9.486482e-01 -8.232024e-02 2.685737e-01 -1.454583e-01
9.487907e-01 -8.190774e-02 2.684088e-01 -1.450659e-01
9.489351e-01 -8.150145e-02 2.682330e-01 -1.446743e-01
9.490817e-01 -8.110145e-02 2.680462e-01 -1.442837e-01
9.492303e-01 -8.070777e-02 2.678483e-01 -1.438940e-01
9.493810e-01 -8.032044e-02 2.676391e-01 -1.435052e-01
9.495338e-01 -7.993950e-02 2.674186e-01 -1.431174e-01
9.496887e-01 -7.956495e-02 2.671867e-01 -1.427305e-01
9.498458e-01 -7.919681e-02 2.669434e-01 -1.423446e-01
9.500051e-01 -7.883507e-02 2.666886e-01 -1.419597e-01
9.501665e-01 -7.847972e-02 2.664223e-01 -1.415757e-01
9.503301e-01 -7.813073e-02 2.661446e-01 -1.411928e-01
9.504958e-01 -7.778809e-02 2.658554e-01 -1.408108e-01
9.506636e-01 -7.745175e-02 2.655547e-01 -1.404299e-01
9.508336e-01 -7.712166e-02 2.652427e-01 -1.400499e-01
9.510057e-01 -7.679777e-02 2.649194e-01 -1.396710e-01
9.511798e-01 -7.648001e-02 2.645850e-01 -1.392931e-01
9.513560e-01 -7.616832e-02 2.642394e-01 -1.389163e-01
9.515342e-01 -7.586261e-02 2.638828e-01 -1.385405e-01
9.517143e-01 -7.556279e-02 2.635155e-01 -1.381657e-01
9.518964e-01 -7.526878e-02 2.631374e-01 -1.377919e-01
9.520803e-01 -7.498048e-02 2.627488e-01 -1.374192e-01
9.522661e-01 -7.469698e-02 2.623507e-01 -1.370467e-01
9.524537e-01 -7.441976e-02 2.619416e-01 -1.366760e-01
9.526430e-01 -7.414792e-02 2.615225e-01 -1.363063e-01
9.528340e-01 -7.388132e-02 2.610937e-01 -1.359377e-01
9.530266e-01 -7.361986e-02 2.606554e-01 -1.355700e-01
9.532207e-01 -7.336339e-02 2.602078e-01 -1.352034e-01
9.534164e-01 -7.311179e-02 2.597511e-01 -1.348378e-01
9.536135e-01 -7.286492e-02 2.592856e-01 -1.344731e-01
9.538119e-01 -7.262264e-02 2.588115e-01 -1.341094e-01
9.540117e-01 -7.238483e-02 2.583292e-01 -1.337467e-01
9.542127e-01 -7.215133e-02 2.578387e-01 -1.333850e-01
9.544148e-01 -7.192201e-02 2.573405e-01 -1.330242e-01
9.546181e-01 -7.169672e-02 2.568347e-01 -1.326644e-01
9.548224e-01 -7.147533e-02 2.563216e-01 -1.323055e-01
9.550276e-01 -7.125769e-02 2.558016e-01 -1.319475e-01
9.552338e-01 -7.104366e-02 2.552748e-01 -1.315904e-01
9.554407e-01 -7.083310e-02 2.547415e-01 -1.312342e-01
9.556485e-01 -7.062586e-02 2.542020e-01 -1.308789e-01
9.558569e-01 -7.042182e-02 2.536566e-01 -1.305244e-01
9.560660e-01 -7.022084e-02 2.531055e-01 -1.301709e-01
9.562756e-01 -7.002278e-02 2.525490e-01 -1.298181e-01
9.564857e-01 -6.982750e-02 2.519874e-01 -1.294662e-01
9.566963e-01 -6.963489e-02 2.514208e-01 -1.291151e-01
9.569073e-01 -6.944480e-02 2.508496e-01 -1.287648e-01
9.571186e-01 -6.925713e-02 2.502739e-01 -1.284153e-01
9.573301e-01 -6.907173e-02 2.496941e-01 -1.280665e-01
9.575419e-01 -6.888851e-02 2.491103e-01 -1.277185e-01
9.577538e-01 -6.870733e-02 2.485228e-01 -1.273713e-01
9.579658e-01 -6.852809e-02 2.479318e-01 -1.270248e-01
9.581778e-01 -6.835068e-02 2.473376e-01 -1.266790e-01
9.583899e-01 -6.817499e-02 2.467403e-01 -1.263339e-01
9.586019e-01 -6.800092e-02 2.461401e-01 -1.259895e-01
9.588138e-01 -6.782837e-02 2.455373e-01 -1.256458e-01
9.590256e-01 -6.765724e-02 2.449320e-01 -1.253027e-01
9.592372e-01 -6.748744e-02 2.443244e-01 -1.249603e-01
9.594485e-01 -6.731888e-02 2.437147e-01 -1.246185e-01
9.596597e-01 -6.715148e-02 2.431032e-01 -1.242774e-01
9.598705e-01 -6.698515e-02 2.424898e-01 -1.239368e-01
9.600810e-01 -6.681981e-02 2.418749e-01 -1.235969e-01
9.602911e-01 -6.665539e-02 2.412585e-01 -1.232575e-01
9.605008e-01 -6.649181e-02 2.406408e-01 -1.229187e-01
9.607101e-01 -6.632901e-02 2.400220e-01 -1.225805e-01
9.609190e-01 -6.616691e-02 2.394022e-01 -1.222428e-01
9.611273e-01 -6.600545e-02 2.387815e-01 -1.219056e-01
9.613351e-01 -6.584458e-02 2.381600e-01 -1.215690e-01
9.615425e-01 -6.568424e-02 2.375380e-01 -1.212329e-01
9.617492e-01 -6.552436e-02 2.369153e-01 -1.208972e-01
9.619554e-01 -6.536490e-02 2.362923e-01 -1.205621e-01
9.621609e-01 -6.520581e-02 2.356690e-01 -1.202275e-01
9.623659e-01 -6.504704e-02 2.350455e-01 -1.198933e-01
9.625702e-01 -6.488854e-02 2.344218e-01 -1.195595e-01
9.627739e-01 -6.473028e-02 2.337981e-01 -1.192262e-01
9.629769e-01 -6.457221e-02 2.331745e-01 -1.188934e-01
9.631792e-01 -6.441430e-02 2.325510e-01 -1.185610e-01
9.633808e-01 -6.425651e-02 2.319277e-01 -1.182290e-01
9.635817e-01 -6.409880e-02 2.313046e-01 -1.178974e-01
9.637819e-01 -6.394116e-02 2.306820e-01 -1.175662e-01
9.639814e-01 -6.378353e-02 2.300597e-01 -1.172354e-01
9.641801e-01 -6.362591e-02 2.294379e-01 -1.169049e-01
9.643781e-01 -6.346826e-02 2.288165e-01 -1.165749e-01
9.645753e-01 -6.331056e-02 2.281958e-01 -1.162452e-01
9.647718e-01 -6.315278e-02 2.275757e-01 -1.159158e-01
9.649675e-01 -6.299491e-02 2.269562e-01 -1.155868e-01
9.651624e-01 -6.283692e-02 2.263374e-01 -1.152582e-01
9.653565e-01 -6.267879e-02 2.257194e-01 -1.149299e-01
9.655499e-01 -6.252052e-02 2.251021e-01 -1.146018e-01
9.657425e-01 -6.236208e-02 2.244857e-01 -1.142742e-01
9.659343e-01 -6.220345e-02 2.238700e-01 -1.139468e-01
9.661253e-01 -6.204463e-02 2.232552e-01 -1.136197e-01
9.663155e-01 -6.188561e-02 2.226414e-01 -1.132929e-01
9.665050e-01 -6.172636e-02 2.220284e-01 -1.129664e-01
9.666936e-01 -6.156760e-02 2.214156e-01 -1.126409e-01
9.668815e-01 -6.140789e-02 2.208045e-01 -1.123150e-01
9.670685e-01 -6.124793e-02 2.201943e-01 -1.119893e-01
9.672548e-01 -6.108771e-02 2.195852e-01 -1.116639e-01
9.674403e-01 -6.092722e-02 2.189770e-01 -1.113387e-01
9.676249e-01 -6.076647e-02 2.183698e-01 -1.110138e-01
9.678088e-01 -6.060545e-02 2.177636e-01 -1.106891e-01
9.679919e-01 -6.044414e-02 2.171585e-01 -1.103647e-01
9.681742e-01 -6.028255e-02 2.165543e-01 -1.100405e-01
9.683558e-01 -6.012067e-02 2.159512e-01 -1.097165e-01
9.685365e-01 -5.995850e-02 2.153492e-01 -1.093927e-01
9.687165e-01 -5.979603e-02 2.147481e-01 -1.090692e-01
9.688957e-01 -5.963327e-02 2.141481e-01 -1.087458e-01
9.690741e-01 -5.947020e-02 2.135491e-01 -1.084227e-01
9.692517e-01 -5.930684e-02 2.129512e-01 -1.080997e-01
9.694286e-01 -5.914317e-02 2.123543e-01 -1.077769e-01
9.696048e-01 -5.897920e-02 2.117584e-01 -1.074543e-01
9.697801e-01 -5.881492e-02 2.111636e-01 -1.071319e-01
9.699547e-01 -5.865034e-02 2.105698e-01 -1.068097e-01
9.701286e-01 -5.848546e-02 2.099770e-01 -1.064876e-01
9.703017e-01 -5.832027e-02 2.093852e-01 -1.061657e-01
9.704741e-01 -5.815477e-02 2.087944e-01 -1.058440e-01
9.706457e-01 -5.798897e-02 2.082047e-01 -1.055224e-01
9.708166e-01 -5.782287e-02 2.076159e-01 -1.052009e-01
9.709868e-01 -5.765646e-02 2.070281e-01 -1.048796e-01
9.711563e-01 -5.748976e-02 2.064412e-01 -1.045584e-01
9.713250e-01 -5.732275e-02 2.058554e-01 -1.042374e-01
9.714930e-01 -5.715545e-02 2.052704e-01 -1.039165e-01
9.716603e-01 -5.698784e-02 2.046865e-01 -1.035957e-01
9.718269e-01 -5.681995e-02 2.041034e-01 -1.032750e-01
9.719928e-01 -5.665175e-02 2.035213e-01 -1.029544e-01
9.721580e-01 -5.648327e-02 2.029401e-01 -1.026340e-01
9.723225e-01 -5.631449e-02 2.023598e-01 -1.023136e-01
9.724864e-01 -5.614543e-02 2.017804e-01 -1.019933e-01
9.726495e-01 -5.597607e-02 2.012018e-01 -1.016732e-01
9.728120e-01 -5.580643e-02 2.006241e-01 -1.013531e-01
9.729738e-01 -5.563651e-02 2.000473e-01 -1.010331e-01
9.731349e-01 -5.546631e-02 1.994713e-01 -1.007131e-01
9.732954e-01 -5.529582e-02 1.988961e-01 -1.003933e-01
9.734552e-01 -5.512506e-02 1.983217e-01 -1.000735e-01
9.736144e-01 -5.495402e-02 1.977481e-01 -9.975374e-02
9.737729e-01 -5.478271e-02 1.971753e-01 -9.943405e-02
9.739308e-01 -5.461112e-02 1.966032e-01 -9.911442e-02
9.740880e-01 -5.443926e-02 1.960319e-01 -9.879484e-02
9.742446e-01 -5.426714e-02 1.954614e-01 -9.847530e-02
9.744006e-01 -5.409474e-02 1.948915e-01 -9.815579e-02
9.745559e-01 -5.392208e-02 1.943224e-01 -9.783631e-02
9.747107e-01 -5.374916e-02 1.937539e-01 -9.751686e-02
9.748648e-01 -5.357597e-02 1.931861e-01 -9.719742e-02
9.750183e-01 -5.340253e-02 1.926190e-01 -9.687801e-02
9.751712e-01 -5.322882e-02 1.920525e-01 -9.655860e-02
9.753236e-01 -5.305485e-02 1.914867e-01 -9.623919e-02
9.754753e-01 -5.288063e-02 1.909214e-01 -9.591979e-02
9.756264e-01 -5.270615e-02 1.903568e-01 -9.560038e-02
9.757770e-01 -5.253142e-02 1.897927e-01 -9.528096e-02
9.759270e-01 -5.235643e-02 1.892292e-01 -9.496152e-02
9.760764e-01 -5.218120e-02 1.886662e-01 -9.464207e-02
9.762252e-01 -5.200571e-02 1.881038e-01 -9.432258e-02
9.763735e-01 -5.182997e-02 1.875419e-01 -9.400306e-02
9.765212e-01 -5.165398e-02 1.869805e-01 -9.368351e-02
9.766683e-01 -5.147774e-02 1.864195e-01 -9.336391e-02
9.768149e-01 -5.130126e-02 1.858590e-01 -9.304426e-02
9.769610e-01 -5.112453e-02 1.852990e-01 -9.272456e-02
9.771065e-01 -5.094755e-02 1.847394e-01 -9.240480e-02
9.772514e-01 -5.077033e-02 1.841802e-01 -9.208498e-02
9.773959e-01 -5.059285e-02 1.836214e-01 -9.176508e-02
9.775398e-01 -5.041514e-02 1.830630e-01 -9.144511e-02
9.776832e-01 -5.023718e-02 1.825050e-01 -9.112506e-02
9.778260e-01 -5.005897e-02 1.819473e-01 -9.080492e-02
9.779684e-01 -4.988052e-02 1.813899e-01 -9.048469e-02
9.781102e-01 -4.970183e-02 1.808329e-01 -9.016435e-02
9.782515e-01 -4.952288e-02 1.802761e-01 -8.984392e-02
9.783924e-01 -4.934370e-02 1.797196e-01 -8.952337e-02
9.785327e-01 -4.916427e-02 1.791634e-01 -8.920271e-02
9.786725e-01 -4.898459e-02 1.786074e-01 -8.888193e-02
9.788119e-01 -4.880466e-02 1.780517e-01 -8.856102e-02
9.789507e-01 -4.862449e-02 1.774961e-01 -8.823998e-02
9.790891e-01 -4.844408e-02 1.769407e-01 -8.791880e-02
9.792270e-01 -4.826341e-02 1.763855e-01 -8.759747e-02
9.793644e-01 -4.808249e-02 1.758305e-01 -8.727600e-02
9.795013e-01 -4.790133e-02 1.752756e-01 -8.695436e-02
9.796378e-01 -4.771992e-02 1.747208e-01 -8.663257e-02
9.797738e-01 -4.753825e-02 1.741661e-01 -8.631061e-02
9.799094e-01 -4.735633e-02 1.736115e-01 -8.598847e-02
9.800445e-01 -4.717416e-02 1.730570e-01 -8.566615e-02
9.801791e-01 -4.699173e-02 1.725025e-01 -8.534365e-02
9.803133e-01 -4.680905e-02 1.719480e-01 -8.502095e-02
9.804471e-01 -4.662611e-02 1.713936e-01 -8.469806e-02
9.805804e-01 -4.644291e-02 1.708391e-01 -8.437496e-02
9.807133e-01 -4.625945e-02 1.702846e-01 -8.405165e-02
9.808457e-01 -4.607573e-02 1.697301e-01 -8.372813e-02
9.809777e-01 -4.589174e-02 1.691755e-01 -8.340438e-02
9.811093e-01 -4.570750e-02 1.686208e-01 -8.308041e-02
9.812405e-01 -4.552298e-02 1.680661e-01 -8.275620e-02
9.813712e-01 -4.533820e-02 1.675112e-01 -8.243175e-02
9.815015e-01 -4.515314e-02 1.669561e-01 -8.210706e-02
9.816315e-01 -4.496781e-02 1.664009e-01 -8.178211e-02
9.817610e-01 -4.478221e-02 1.658456e-01 -8.145691e-02
9.818901e-01 -4.459634e-02 1.652900e-01 -8.113144e-02
9.820187e-01 -4.441018e-02 1.647342e-01 -8.080570e-02
9.821470e-01 -4.422374e-02 1.641782e-01 -8.047969e-02
9.822749e-01 -4.403703e-02 1.636220e-01 -8.015340e-02
9.824024e-01 -4.385002e-02 1.630654e-01 -7.982681e-02
9.825295e-01 -4.366273e-02 1.625086e-01 -7.949994e-02
9.826562e-01 -4.347515e-02 1.619515e-01 -7.917276e-02
9.827826e-01 -4.328728e-02 1.613940e-01 -7.884528e-02
9.829085e-01 -4.309912e-02 1.608362e-01 -7.851749e-02
9.830341e-01 -4.291066e-02 1.602781e-01 -7.818938e-02
9.831593e-01 -4.272190e-02 1.597195e-01 -7.786095e-02
9.832841e-01 -4.253284e-02 1.591606e-01 -7.753219e-02
9.834086e-01 -4.234347e-02 1.586012e-01 -7.720309e-02
9.835326e-01 -4.215380e-02 1.580414e-01 -7.687366e-02
9.836563e-01 -4.196383e-02 1.574811e-01 -7.654389e-02
9.837797e-01 -4.177353e-02 1.569203e-01 -7.621376e-02
9.839027e-01 -4.158293e-02 1.563591e-01 -7.588328e-02
9.840253e-01 -4.139201e-02 1.557973e-01 -7.555243e-02
9.841475e-01 -4.120077e-02 1.552349e-01 -7.522123e-02
9.842694e-01 -4.100921e-02 1.546721e-01 -7.488965e-02
9.843910e-01 -4.081733e-02 1.541086e-01 -7.455769e-02
9.845122e-01 -4.062511e-02 1.535446e-01 -7.422536e-02
9.846330e-01 -4.043257e-02 1.529799e-01 -7.389263e-02
9.847536e-01 -4.023970e-02 1.524146e-01 -7.355952e-02
9.848737e-01 -4.004650e-02 1.518486e-01 -7.322601e-02
9.849935e-01 -3.985295e-02 1.512820e-01 -7.289210e-02
9.851130e-01 -3.965907e-02 1.507147e-01 -7.255779e-02
9.852321e-01 -3.946485e-02 1.501466e-01 -7.222307e-02
9.853509e-01 -3.927028e-02 1.495778e-01 -7.188793e-02
9.854694e-01 -3.907537e-02 1.490083e-01 -7.155238e-02
9.855875e-01 -3.888011e-02 1.484380e-01 -7.121641e-02
9.857053e-01 -3.868449e-02 1.478669e-01 -7.088001e-02
9.858227e-01 -3.848853e-02 1.472951e-01 -7.054318e-02
9.859398e-01 -3.829221e-02 1.467224e-01 -7.020592e-02
9.860566e-01 -3.809553e-02 1.461488e-01 -6.986823e-02
9.861731e-01 -3.789849e-02 1.455744e-01 -6.953009e-02
9.862892e-01 -3.770109e-02 1.449991e-01 -6.919152e-02
9.864050e-01 -3.750333e-02 1.444229e-01 -6.885249e-02
9.865205e-01 -3.730520e-02 1.438458e-01 -6.851302e-02
9.866356e-01 -3.710671e-02 1.432677e-01 -6.817310e-02
9.867505e-01 -3.690785e-02 1.426887e-01 -6.783273e-02
9.868650e-01 -3.670862e-02 1.421087e-01 -6.749190e-02
9.869791e-01 -3.650902e-02 1.415278e-01 -6.715061e-02
9.870930e-01 -3.630905e-02 1.409458e-01 -6.680887e-02
9.872065e-01 -3.610870e-02 1.403628e-01 -6.646666e-02
9.873197e-01 -3.590799e-02 1.397788e-01 -6.612399e-02
9.874325e-01 -3.570689e-02 1.391937e-01 -6.578085e-02
9.875451e-01 -3.550543e-02 1.386075e-01 -6.543726e-02
9.876573e-01 -3.530359e-02 1.380202e-01 -6.509319e-02
9.877692e-01 -3.510137e-02 1.374319e-01 -6.474866e-02
9.878808e-01 -3.489879e-02 1.368424e-01 -6.440367e-02
9.879920e-01 -3.469582e-02 1.362518e-01 -6.405820e-02
9.881029e-01 -3.449249e-02 1.356600e-01 -6.371227e-02
9.882135e-01 -3.428878e-02 1.350670e-01 -6.336588e-02
9.883238e-01 -3.408470e-02 1.344729e-01 -6.301902e-02
9.884337e-01 -3.388025e-02 1.338776e-01 -6.267169e-02
9.885433e-01 -3.367543e-02 1.332810e-01 -6.232390e-02
9.886526e-01 -3.347024e-02 1.326832e-01 -6.197565e-02
9.887615e-01 -3.326469e-02 1.320842e-01 -6.162694e-02
9.888701e-01 -3.305878e-02 1.314840e-01 -6.127778e-02
9.889784e-01 -3.285252e-02 1.308824e-01 -6.092815e-02
9.890863e-01 -3.264589e-02 1.302796e-01 -6.057808e-02
9.891939e-01 -3.243892e-02 1.296755e-01 -6.022755e-02
9.893012e-01 -3.223160e-02 1.290701e-01 -5.987658e-02
9.894081e-01 -3.202394e-02 1.284633e-01 -5.952517e-02
9.895147e-01 -3.181594e-02 1.278553e-01 -5.917332e-02
9.896209e-01 -3.160762e-02 1.272459e-01 -5.882104e-02
9.897268e-01 -3.139896e-02 1.266351e-01 -5.846832e-02
9.898323e-01 -3.118999e-02 1.260230e-01 -5.811519e-02
9.899375e-01 -3.098071e-02 1.254096e-01 -5.776163e-02
9.900423e-01 -3.077113e-02 1.247947e-01 -5.740766e-02
9.901468e-01 -3.056125e-02 1.241785e-01 -5.705329e-02
9.902509e-01 -3.035109e-02 1.235609e-01 -5.669852e-02
9.903546e-01 -3.014065e-02 1.229419e-01 -5.634336e-02
9.904580e-01 -2.992995e-02 1.223214e-01 -5.598781e-02
9.905610e-01 -2.971900e-02 1.216996e-01 -5.563189e-02
9.906636e-01 -2.950780e-02 1.210763e-01 -5.527560e-02
9.907659e-01 -2.929638e-02 1.204517e-01 -5.491896e-02
9.908678e-01 -2.908474e-02 1.198256e-01 -5.456196e-02
9.909692e-01 -2.887291e-02 1.191981e-01 -5.420464e-02
9.910703e-01 -2.866089e-02 1.185691e-01 -5.384698e-02
9.911711e-01 -2.844871e-02 1.179387e-01 -5.348901e-02
9.912714e-01 -2.823638e-02 1.173069e-01 -5.313074e-02
9.913713e-01 -2.802391e-02 1.166737e-01 -5.277218e-02
9.914708e-01 -2.781134e-02 1.160390e-01 -5.241334e-02
9.915699e-01 -2.759868e-02 1.154029e-01 -5.205424e-02
9.916686e-01 -2.738595e-02 1.147654e-01 -5.169489e-02
9.917668e-01 -2.717318e-02 1.141264e-01 -5.133531e-02
9.918647e-01 -2.696039e-02 1.134860e-01 -5.097552e-02
9.919621e-01 -2.674761e-02 1.128443e-01 -5.061553e-02
9.920591e-01 -2.653487e-02 1.122011e-01 -5.025536e-02
9.921556e-01 -2.632219e-02 1.115565e-01 -4.989503e-02
9.922517e-01 -2.610961e-02 1.109106e-01 -4.953456e-02
9.923474e-01 -2.589715e-02 1.102633e-01 -4.917397e-02
9.924425e-01 -2.568486e-02 1.096146e-01 -4.881328e-02
9.925373e-01 -2.547276e-02 1.089646e-01 -4.845252e-02
9.926315e-01 -2.526090e-02 1.083133e-01 -4.809171e-02
9.927253e-01 -2.504932e-02 1.076606e-01 -4.773087e-02
9.928186e-01 -2.483805e-02 1.070067e-01 -4.737004e-02
9.929114e-01 -2.462714e-02 1.063515e-01 -4.700923e-02
9.930037e-01 -2.441663e-02 1.056951e-01 -4.664849e-02
9.930955e-01 -2.420658e-02 1.050374e-01 -4.628783e-02
9.931868e-01 -2.399702e-02 1.043786e-01 -4.592730e-02
9.932775e-01 -2.378802e-02 1.037186e-01 -4.556692e-02
9.933678e-01 -2.357961e-02 1.030575e-01 -4.520674e-02
9.934575e-01 -2.337187e-02 1.023953e-01 -4.484678e-02
9.935466e-01 -2.316485e-02 1.017320e-01 -4.448708e-02
9.936352e-01 -2.295861e-02 1.010678e-01 -4.412770e-02
9.937233e-01 -2.275320e-02 1.004025e-01 -4.376866e-02
9.938107e-01 -2.254870e-02 9.973639e-02 -4.341001e-02
9.938976e-01 -2.234517e-02 9.906938e-02 -4.305180e-02
9.939839e-01 -2.214269e-02 9.840155e-02 -4.269408e-02
9.940696e-01 -2.194132e-02 9.773297e-02 -4.233689e-02
9.941547e-01 -2.174113e-02 9.706369e-02 -4.198029e-02
9.942392e-01 -2.154222e-02 9.639377e-02 -4.162433e-02
9.943230e-01 -2.134464e-02 9.572330e-02 -4.126907e-02
9.944063e-01 -2.114849e-02 9.505232e-02 -4.091457e-02
9.944888e-01 -2.095385e-02 9.438094e-02 -4.056089e-02
9.945707e-01 -2.076080e-02 9.370921e-02 -4.020808e-02
9.946519e-01 -2.056943e-02 9.303723e-02 -3.985622e-02
9.947325e-01 -2.037983e-02 9.236509e-02 -3.950538e-02
9.948123e-01 -2.019210e-02 9.169288e-02 -3.915562e-02
9.948914e-01 -2.000632e-02 9.102070e-02 -3.880701e-02
9.949699e-01 -1.982259e-02 9.034866e-02 -3.845964e-02
9.950476e-01 -1.964101e-02 8.967685e-02 -3.811358e-02
9.951245e-01 -1.946167e-02 8.900539e-02 -3.776890e-02
9.952007e-01 -1.928467e-02 8.833441e-02 -3.742569e-02
9.952761e-01 -1.911011e-02 8.766402e-02 -3.708404e-02
9.953508e-01 -1.893810e-02 8.699435e-02 -3.674402e-02
9.954247e-01 -1.876873e-02 8.632554e-02 -3.640573e-02
9.954977e-01 -1.860210e-02 8.565771e-02 -3.606926e-02
9.955700e-01 -1.843831e-02 8.499103e-02 -3.573469e-02
9.956414e-01 -1.827746e-02 8.432562e-02 -3.540212e-02
9.957120e-01 -1.811966e-02 8.366165e-02 -3.507164e-02
9.957817e-01 -1.796499e-02 8.299927e-02 -3.474335e-02
9.958506e-01 -1.781355e-02 8.233864e-02 -3.441734e-02
9.959186e-01 -1.766544e-02 8.167993e-02 -3.409371e-02
9.959858e-01 -1.752075e-02 8.102330e-02 -3.377256e-02
9.960520e-01 -1.737956e-02 8.036893e-02 -3.345398e-02
9.961174e-01 -1.724196e-02 7.971700e-02 -3.313807e-02
9.961818e-01 -1.710802e-02 7.906767e-02 -3.282493e-02
9.962453e-01 -1.697784e-02 7.842113e-02 -3.251465e-02
9.963079e-01 -1.685147e-02 7.777757e-02 -3.220733e-02
9.963695e-01 -1.672898e-02 7.713717e-02 -3.190305e-02
9.964302e-01 -1.661044e-02 7.650011e-02 -3.160192e-02
9.964899e-01 -1.649590e-02 7.586658e-02 -3.130401e-02
9.965487e-01 -1.638540e-02 7.523676e-02 -3.100941e-02
9.966065e-01 -1.627899e-02 7.461084e-02 -3.071822e-02
9.966634e-01 -1.617670e-02 7.398900e-02 -3.043049e-02
9.967193e-01 -1.607855e-02 7.337142e-02 -3.014632e-02
9.967742e-01 -1.598457e-02 7.275828e-02 -2.986577e-02
9.968281e-01 -1.589475e-02 7.214976e-02 -2.958891e-02
9.968810e-01 -1.580911e-02 7.154602e-02 -2.931580e-02
9.969330e-01 -1.572763e-02 7.094723e-02 -2.904650e-02
9.969840e-01 -1.565029e-02 7.035354e-02 -2.878105e-02
9.970340e-01 -1.557706e-02 6.976512e-02 -2.851950e-02
9.970830e-01 -1.550792e-02 6.918211e-02 -2.826189e-02
9.971311e-01 -1.544280e-02 6.860464e-02 -2.800825e-02
9.971782e-01 -1.538165e-02 6.803284e-02 -2.775861e-02
9.972244e-01 -1.532441e-02 6.746685e-02 -2.751298e-02
9.972696e-01 -1.527100e-02 6.690675e-02 -2.727137e-02
9.973138e-01 -1.522133e-02 6.635267e-02 -2.703379e-02
9.973571e-01 -1.517532e-02 6.580468e-02 -2.680023e-02
9.973995e-01 -1.513285e-02 6.526286e-02 -2.657068e-02
9.974410e-01 -1.509382e-02 6.472729e-02 -2.634513e-02
9.974815e-01 -1.505810e-02 6.419801e-02 -2.612355e-02
9.975212e-01 -1.502557e-02 6.367507e-02 -2.590590e-02
9.975600e-01 -1.499609e-02 6.315850e-02 -2.569215e-02
9.975980e-01 -1.496952e-02 6.264832e-02 -2.548225e-02
9.976351e-01 -1.494571e-02 6.214453e-02 -2.527614e-02
9.976714e-01 -1.492451e-02 6.164712e-02 -2.507377e-02
9.977069e-01 -1.490576e-02 6.115609e-02 -2.487507e-02
9.977415e-01 -1.488931e-02 6.067138e-02 -2.467996e-02
9.977755e-01 -1.487497e-02 6.019297e-02 -2.448838e-02
9.978086e-01 -1.486259e-02 5.972079e-02 -2.430024e-02
9.978410e-01 -1.485199e-02 5.925477e-02 -2.411546e-02
9.978727e-01 -1.484300e-02 5.879485e-02 -2.393394e-02
9.979038e-01 -1.483544e-02 5.834093e-02 -2.375558e-02
9.979341e-01 -1.482914e-02 5.789291e-02 -2.358030e-02
9.979638e-01 -1.482394e-02 5.745068e-02 -2.340799e-02
9.979929e-01 -1.481965e-02 5.701414e-02 -2.323854e-02
9.980213e-01 -1.481610e-02 5.658314e-02 -2.307186e-02
9.980492e-01 -1.481313e-02 5.615757e-02 -2.290783e-02
9.980765e-01 -1.481058e-02 5.573728e-02 -2.274634e-02
9.981032e-01 -1.480827e-02 5.532214e-02 -2.258730e-02
9.981294e-01 -1.480606e-02 5.491198e-02 -2.243058e-02
9.981551e-01 -1.480378e-02 5.450665e-02 -2.227608e-02
9.981803e-01 -1.480130e-02 5.410600e-02 -2.212369e-02
9.982051e-01 -1.479846e-02 5.370986e-02 -2.197330e-02
9.982294e-01 -1.479512e-02 5.331807e-02 -2.182480e-02
9.982533e-01 -1.479117e-02 5.293047e-02 -2.167810e-02
9.982768e-01 -1.478646e-02 5.254689e-02 -2.153308e-02
9.982999e-01 -1.478088e-02 5.216715e-02 -2.138964e-02
9.983226e-01 -1.477431e-02 5.179110e-02 -2.124768e-02
9.983449e-01 -1.476665e-02 5.141856e-02 -2.110711e-02
9.983669e-01 -1.475779e-02 5.104937e-02 -2.096783e-02
9.983886e-01 -1.474764e-02 5.068336e-02 -2.082975e-02
9.984100e-01 -1.473612e-02 5.032038e-02 -2.069278e-02
9.984311e-01 -1.472313e-02 4.996026e-02 -2.055683e-02
9.984519e-01 -1.470861e-02 4.960285e-02 -2.042182e-02
9.984724e-01 -1.469249e-02 4.924799e-02 -2.028766e-02
9.984927e-01 -1.467469e-02 4.889554e-02 -2.015429e-02
9.985127e-01 -1.465518e-02 4.854535e-02 -2.002163e-02
9.985326e-01 -1.463389e-02 4.819727e-02 -1.988960e-02
9.985522e-01 -1.461078e-02 4.785118e-02 -1.975815e-02
9.985715e-01 -1.458581e-02 4.750693e-02 -1.962720e-02
9.985907e-01 -1.455894e-02 4.716440e-02 -1.949670e-02
9.986097e-01 -1.453016e-02 4.682346e-02 -1.936659e-02
9.986285e-01 -1.449943e-02 4.648401e-02 -1.923681e-02
9.986472e-01 -1.446674e-02 4.614591e-02 -1.910732e-02
9.986656e-01 -1.443206e-02 4.580906e-02 -1.897806e-02
9.986840e-01 -1.439540e-02 4.547337e-02 -1.884899e-02
9.987021e-01 -1.435674e-02 4.513872e-02 -1.872006e-02
9.987201e-01 -1.431609e-02 4.480503e-02 -1.859125e-02
9.987380e-01 -1.427343e-02 4.447221e-02 -1.846251e-02
9.987558e-01 -1.422879e-02 4.414016e-02 -1.833380e-02
9.987734e-01 -1.418216e-02 4.380881e-02 -1.820510e-02
9.987908e-01 -1.413355e-02 4.347809e-02 -1.807637e-02
9.988082e-01 -1.408299e-02 4.314792e-02 -1.794760e-02
9.988254e-01 -1.403047e-02 4.281823e-02 -1.781875e-02
9.988425e-01 -1.397604e-02 4.248896e-02 -1.768980e-02
9.988595e-01 -1.391969e-02 4.216005e-02 -1.756073e-02
9.988764e-01 -1.386146e-02 4.183145e-02 -1.743152e-02
9.988932e-01 -1.380137e-02 4.150311e-02 -1.730216e-02
9.989099e-01 -1.373945e-02 4.117497e-02 -1.717263e-02
9.989264e-01 -1.367571e-02 4.084700e-02 -1.704292e-02
9.989429e-01 -1.361019e-02 4.051914e-02 -1.691301e-02
9.989592e-01 -1.354293e-02 4.019138e-02 -1.678290e-02
9.989755e-01 -1.347394e-02 3.986366e-02 -1.665257e-02
9.989916e-01 -1.340326e-02 3.953595e-02 -1.652202e-02
9.990077e-01 -1.333092e-02 3.920824e-02 -1.639125e-02
9.990236e-01 -1.325696e-02 3.888049e-02 -1.626024e-02
9.990394e-01 -1.318140e-02 3.855267e-02 -1.612899e-02
9.990552e-01 -1.310428e-02 3.822477e-02 -1.599750e-02
9.990708e-01 -1.302563e-02 3.789677e-02 -1.586576e-02
9.990863e-01 -1.294549e-02 3.756865e-02 -1.573378e-02
9.991017e-01 -1.286389e-02 3.724040e-02 -1.560156e-02
9.991170e-01 -1.278086e-02 3.691199e-02 -1.546908e-02
9.991322e-01 -1.269643e-02 3.658343e-02 -1.533636e-02
9.991473e-01 -1.261065e-02 3.625470e-02 -1.520340e-02
9.991623e-01 -1.252355e-02 3.592579e-02 -1.507019e-02
9.991772e-01 -1.243515e-02 3.559669e-02 -1.493675e-02
9.991920e-01 -1.234549e-02 3.526740e-02 -1.480306e-02
9.992067e-01 -1.225460e-02 3.493792e-02 -1.466915e-02
9.992212e-01 -1.216252e-02 3.460825e-02 -1.453500e-02
9.992357e-01 -1.206928e-02 3.427837e-02 -1.440062e-02
9.992500e-01 -1.197490e-02 3.394830e-02 -1.426603e-02
9.992642e-01 -1.187943e-02 3.361802e-02 -1.413121e-02
9.992783e-01 -1.178289e-02 3.328755e-02 -1.399618e-02
9.992923e-01 -1.168531e-02 3.295688e-02 -1.386095e-02
9.993062e-01 -1.158672e-02 3.262601e-02 -1.372551e-02
9.993200e-01 -1.148715e-02 3.229496e-02 -1.358987e-02
9.993336e-01 -1.138663e-02 3.196372e-02 -1.345405e-02
9.993471e-01 -1.128519e-02 3.163229e-02 -1.331804e-02
9.993605e-01 -1.118285e-02 3.130069e-02 -1.318184e-02
9.993738e-01 -1.107964e-02 3.096892e-02 -1.304548e-02
9.993869e-01 -1.097560e-02 3.063698e-02 -1.290895e-02
9.994000e-01 -1.087074e-02 3.030488e-02 -1.277225e-02
9.994129e-01 -1.076509e-02 2.997262e-02 -1.263540e-02
9.994257e-01 -1.065868e-02 2.964022e-02 -1.249841e-02
9.994383e-01 -1.055152e-02 2.930768e-02 -1.236126e-02
9.994508e-01 -1.044366e-02 2.897501e-02 -1.222399e-02
9.994632e-01 -1.033509e-02 2.864222e-02 -1.208658e-02
9.994755e-01 -1.022586e-02 2.830931e-02 -1.194904e-02
9.994876e-01 -1.011598e-02 2.797629e-02 -1.181139e-02
9.994996e-01 -1.000548e-02 2.764316e-02 -1.167363e-02
9.995115e-01 -9.894368e-03 2.730995e-02 -1.153575e-02
9.995232e-01 -9.782675e-03 2.697666e-02 -1.139778e-02
9.995348e-01 -9.670417e-03 2.664328e-02 -1.125972e-02
9.995463e-01 -9.557615e-03 2.630984e-02 -1.112156e-02
9.995576e-01 -9.444288e-03 2.597634e-02 -1.098333e-02
9.995688e-01 -9.330454e-03 2.564280e-02 -1.084501e-02
9.995798e-01 -9.216132e-03 2.530920e-02 -1.070663e-02
9.995908e-01 -9.101339e-03 2.497558e-02 -1.056817e-02
9.996015e-01 -8.986092e-03 2.464193e-02 -1.042966e-02
9.996122e-01 -8.870409e-03 2.430826e-02 -1.029109e-02
9.996227e-01 -8.754305e-03 2.397459e-02 -1.015248e-02
9.996330e-01 -8.637797e-03 2.364091e-02 -1.001381e-02
9.996433e-01 -8.520899e-03 2.330724e-02 -9.875114e-03
9.996533e-01 -8.403627e-03 2.297359e-02 -9.736378e-03
9.996633e-01 -8.285995e-03 2.263996e-02 -9.597614e-03
9.996731e-01 -8.168018e-03 2.230636e-02 -9.458824e-03
9.996827e-01 -8.049710e-03 2.197280e-02 -9.320015e-03
9.996922e-01 -7.931083e-03 2.163929e-02 -9.181191e-03
9.997016e-01 -7.812151e-03 2.130583e-02 -9.042356e-03
9.997108e-01 -7.692926e-03 2.097244e-02 -8.903515e-03
9.997199e-01 -7.573422e-03 2.063911e-02 -8.764673e-03
9.997288e-01 -7.453649e-03 2.030587e-02 -8.625833e-03
9.997376e-01 -7.333620e-03 1.997270e-02 -8.486999e-03
9.997462e-01 -7.213345e-03 1.963963e-02 -8.348177e-03
9.997547e-01 -7.092836e-03 1.930665e-02 -8.209370e-03
9.997631e-01 -6.972104e-03 1.897378e-02 -8.070581e-03
9.997713e-01 -6.851158e-03 1.864102e-02 -7.931815e-03
9.997794e-01 -6.730010e-03 1.830838e-02 -7.793076e-03
9.997873e-01 -6.608668e-03 1.797587e-02 -7.654367e-03
9.997950e-01 -6.487142e-03 1.764348e-02 -7.515691e-03
9.998027e-01 -6.365442e-03 1.731123e-02 -7.377052e-03
9.998101e-01 -6.243576e-03 1.697912e-02 -7.238454e-03
9.998175e-01 -6.121553e-03 1.664717e-02 -7.099900e-03
9.998247e-01 -5.999381e-03 1.631537e-02 -6.961393e-03
9.998317e-01 -5.877070e-03 1.598372e-02 -6.822937e-03
9.998386e-01 -5.754626e-03 1.565225e-02 -6.684533e-03
9.998453e-01 -5.632057e-03 1.532094e-02 -6.546186e-03
9.998519e-01 -5.509372e-03 1.498982e-02 -6.407899e-03
9.998584e-01 -5.386577e-03 1.465887e-02 -6.269673e-03
9.998647e-01 -5.263679e-03 1.432811e-02 -6.131513e-03
9.998709e-01 -5.140686e-03 1.399755e-02 -5.993420e-03
9.998769e-01 -5.017604e-03 1.366718e-02 -5.855398e-03
9.998827e-01 -4.894439e-03 1.333701e-02 -5.717448e-03
9.998885e-01 -4.771197e-03 1.300705e-02 -5.579574e-03
9.998940e-01 -4.647886e-03 1.267730e-02 -5.441777e-03
9.998995e-01 -4.524511e-03 1.234777e-02 -5.304061e-03
9.999047e-01 -4.401077e-03 1.201845e-02 -5.166428e-03
9.999099e-01 -4.277590e-03 1.168936e-02 -5.028879e-03
9.999149e-01 -4.154056e-03 1.136050e-02 -4.891417e-03
9.999197e-01 -4.030480e-03 1.103187e-02 -4.754044e-03
9.999244e-01 -3.906867e-03 1.070348e-02 -4.616763e-03
9.999290e-01 -3.783222e-03 1.037532e-02 -4.479574e-03
9.999334e-01 -3.659550e-03 1.004741e-02 -4.342481e-03
9.999377e-01 -3.535856e-03 9.719751e-03 -4.205485e-03
9.999418e-01 -3.412143e-03 9.392338e-03 -4.068588e-03
9.999458e-01 -3.288417e-03 9.065179e-03 -3.931791e-03
9.999496e-01 -3.164682e-03 8.738278e-03 -3.795097e-03
9.999533e-01 -3.040942e-03 8.411638e-03 -3.658507e-03
9.999569e-01 -2.917201e-03 8.085262e-03 -3.522023e-03
9.999603e-01 -2.793463e-03 7.759152e-03 -3.385647e-03
9.999635e-01 -2.669731e-03 7.433313e-03 -3.249380e-03
9.999667e-01 -2.546010e-03 7.107746e-03 -3.113223e-03
9.999696e-01 -2.422303e-03 6.782455e-03 -2.977178e-03
9.999725e-01 -2.298614e-03 6.457443e-03 -2.841246e-03
9.999752e-01 -2.174945e-03 6.132712e-03 -2.705430e-03
9.999777e-01 -2.051301e-03 5.808265e-03 -2.569730e-03
9.999801e-01 -1.927684e-03 5.484104e-03 -2.434147e-03
9.999824e-01 -1.804097e-03 5.160231e-03 -2.298683e-03
9.999846e-01 -1.680544e-03 4.836650e-03 -2.163339e-03
9.999865e-01 -1.557028e-03 4.513363e-03 -2.028116e-03
9.999884e-01 -1.433550e-03 4.190371e-03 -1.893016e-03
9.999901e-01 -1.310115e-03 3.867677e-03 -1.758039e-03
9.999917e-01 -1.186724e-03 3.545283e-03 -1.623187e-03
9.999931e-01 -1.063380e-03 3.223192e-03 -1.488460e-03
9.999944e-01 -9.400866e-04 2.901404e-03 -1.353861e-03
9.999956e-01 -8.168449e-04 2.579922e-03 -1.219388e-03
9.999966e-01 -6.936578e-04 2.258749e-03 -1.085045e-03
9.999975e-01 -5.705274e-04 1.937885e-03 -9.508315e-04
