5.44657	14.9339	3.42776	
5.44665	14.9374	3.41523	
5.44658	14.9413	3.40214	
5.45126	14.926	3.37089	
5.46998	14.8342	3.26373	
5.49326	14.6799	3.1071	
5.51745	14.4783	2.92459	
5.54728	14.2242	2.70776	
5.58365	13.9135	2.44444	
5.62333	13.5489	2.13894	
5.66491	13.1358	1.79612	
5.70691	12.6845	1.43141	
5.75223	12.2052	1.04687	
5.80413	11.7072	0.64077	
5.86375	11.202	0.217171	
5.92915	10.6996	-0.207206	
5.99669	10.21	-0.623798	
6.06365	9.74514	-1.01993	
6.12856	9.316	-1.38991	
6.18901	8.92814	-1.73002	
6.24341	8.58763	-2.02919	
6.29221	8.29275	-2.28494	
6.33337	8.04409	-2.4962	
6.36615	7.83839	-2.66661	
6.38753	7.67321	-2.79514	
6.39399	7.54806	-2.88084	
6.38558	7.45792	-2.92464	
6.36139	7.40106	-2.9288	
6.32078	7.37391	-2.89499	
6.26573	7.37012	-2.82961	
6.19903	7.38694	-2.73566	
6.12525	7.41927	-2.61521	
6.0433	7.46254	-2.47468	
5.95485	7.51319	-2.32146	
5.86163	7.56728	-2.15994	
5.76828	7.61972	-2.00145	
5.6793	7.66463	-1.85003	
5.59656	7.69837	-1.70521	
5.51906	7.71817	-1.57241	
5.44465	7.72349	-1.45909	
5.37356	7.71342	-1.3694	
5.30879	7.68548	-1.30712	
5.25121	7.63935	-1.26869	
5.20354	7.57549	-1.25698	
5.16734	7.49268	-1.2735	
5.14129	7.3933	-1.32352	
5.12416	7.28023	-1.40785	
5.11485	7.15662	-1.52046	
5.1133	7.02557	-1.65662	
5.12098	6.88869	-1.81548	
5.13698	6.74933	-1.99056	
5.16146	6.61118	-2.17894	
5.19318	6.47827	-2.37188	
5.23274	6.35092	-2.56286	
5.27859	6.23029	-2.74466	
5.32978	6.11798	-2.91718	
5.383	6.01424	-3.08044	
5.436	5.9194	-3.22952	
5.48621	5.83458	-3.35827	
5.53145	5.75911	-3.46594	
5.57028	5.69397	-3.55185	
5.60347	5.63749	-3.61816	
5.6293	5.58877	-3.66023	
5.64611	5.54786	-3.67719	
5.65348	5.5136	-3.67381	
5.64999	5.48574	-3.65164	
5.63517	5.46373	-3.61028	
5.60757	5.44765	-3.55257	
5.5675	5.43629	-3.47809	
5.51536	5.42933	-3.39184	
5.45285	5.42592	-3.30006	
5.3841	5.42447	-3.20933	
5.31478	5.42279	-3.12206	
5.24687	5.41922	-3.03482	
5.18268	5.41273	-2.94866	
5.12039	5.40352	-2.86224	
5.06126	5.39096	-2.7759	
5.00665	5.37501	-2.6932	
4.95675	5.35584	-2.61711	
4.91427	5.33313	-2.55087	
4.88133	5.30661	-2.49654	
4.85688	5.27666	-2.45404	
4.83947	5.24402	-2.42346	
4.82646	5.21049	-2.40579	
4.81706	5.17675	-2.40121	
4.81241	5.14215	-2.40672	
4.81189	5.10711	-2.41958	
4.81537	5.07154	-2.43778	
4.82154	5.03723	-2.46438	
4.83094	5.00398	-2.49352	
4.844	4.9712	-2.52282	
4.86201	4.93837	-2.55191	
4.88535	4.9055	-2.58161	
4.91241	4.87273	-2.60917	
4.94218	4.84078	-2.6359	
4.9739	4.81043	-2.66445	
5.00583	4.78192	-2.69317	
5.03822	4.75467	-2.71985	
5.06971	4.72936	-2.74615	
5.1009	4.70583	-2.77367	
5.13054	4.68423	-2.80116	
5.15683	4.66459	-2.82526	
5.17916	4.64748	-2.8476	
5.19523	4.63395	-2.86948	
5.20502	4.62324	-2.88871	
5.20838	4.61502	-2.90367	
5.20287	4.60947	-2.91112	
5.18876	4.60704	-2.91511	
5.16658	4.60778	-2.91692	
5.13533	4.6112	-2.91284	
5.09428	4.61724	-2.90075	
5.04506	4.62543	-2.88207	
4.98959	4.6353	-2.85949	
4.93301	4.6457	-2.83686	
4.87739	4.65576	-2.81385	
4.82279	4.6651	-2.78905	
4.76965	4.67386	-2.76356	
4.71803	4.68172	-2.73699	
4.66844	4.68922	-2.71259	
4.62159	4.69575	-2.68912	
4.57952	4.69994	-2.66378	
4.54568	4.70083	-2.6381	
4.51796	4.69882	-2.61014	
4.495	4.69533	-2.58383	
4.47485	4.69072	-2.55753	
4.45611	4.68516	-2.52904	
4.43803	4.67881	-2.49701	
4.42096	4.67117	-2.45977	
4.40496	4.66224	-2.41748	
4.39091	4.65235	-2.37351	
4.37913	4.64179	-2.32993	
4.3726	4.62953	-2.28703	
4.37039	4.61571	-2.24369	
4.37213	4.60011	-2.19784	
4.37617	4.58346	-2.14968	
4.3832	4.56602	-2.1023	
4.39155	4.54872	-2.05695	
4.40082	4.5322	-2.01596	
4.4107	4.51645	-1.97883	
4.42133	4.50077	-1.94227	
4.43151	4.48628	-1.90922	
4.44258	4.47217	-1.87837	
4.45533	4.45833	-1.85092	
4.46865	4.44595	-1.83078	
4.48148	4.43525	-1.81688	
4.49458	4.42555	-1.80746	
4.5063	4.41714	-1.8009	
4.51634	4.41001	-1.79662	
4.52425	4.40455	-1.79584	
4.52811	4.40161	-1.79899	
4.52728	4.40142	-1.80601	
4.5219	4.40287	-1.812	
4.50998	4.40613	-1.81397	
4.49216	4.41109	-1.81309	
4.46794	4.41822	-1.81063	
4.43836	4.42695	-1.80586	
4.40402	4.4364	-1.79554	
4.36913	4.44587	-1.78393	
4.33555	4.45482	-1.77207	
4.30349	4.46303	-1.75927	
4.27337	4.47046	-1.7459	
4.24434	4.47719	-1.73075	
4.21622	4.48322	-1.7135	
4.18916	4.48919	-1.69773	
4.1625	4.49537	-1.68363	
4.13694	4.5012	-1.66954	
4.11328	4.50621	-1.65462	
4.09132	4.51021	-1.63738	
4.07059	4.51374	-1.61969	
4.05084	4.51751	-1.60468	
4.03183	4.52184	-1.59344	
4.01406	4.52606	-1.58352	
3.99678	4.5299	-1.57211	
3.98271	4.53316	-1.56315	
3.97104	4.5364	-1.558	
3.96214	4.53943	-1.55621	
3.95534	4.5419	-1.55482	
3.95073	4.54356	-1.55263	
3.9478	4.54479	-1.55055	
3.94624	4.54631	-1.55179	
3.94587	4.54794	-1.55504	
3.94597	4.54941	-1.55764	
3.94494	4.55117	-1.55908	
3.94381	4.55285	-1.55935	
3.94274	4.55482	-1.56049	
3.94107	4.55712	-1.56147	
3.93906	4.55972	-1.56269	
3.9371	4.5618	-1.56051	
3.93485	4.56391	-1.5574	
3.9335	4.56614	-1.55564	
3.93208	4.56907	-1.55659	
3.93069	4.57206	-1.55703	
3.92791	4.57522	-1.55549	
3.92496	4.57801	-1.55101	
3.92074	4.58088	-1.54414	
3.91537	4.58412	-1.53641	
3.90851	4.58817	-1.52946	
3.90062	4.59269	-1.52237	
3.89057	4.59768	-1.51311	
3.87945	4.60247	-1.50053	
3.86664	4.60754	-1.48553	
3.85319	4.61308	-1.47111	
3.83877	4.61957	-1.45917	
3.82313	4.62677	-1.4485	
3.80498	4.63477	-1.43761	
3.78635	4.64259	-1.42444	
3.7664	4.65111	-1.41206	
3.74531	4.66078	-1.40295	
3.7245	4.67094	-1.39576	
3.70384	4.68175	-1.39158	
3.68251	4.69269	-1.38679	
3.66156	4.70344	-1.38104	
3.64175	4.71409	-1.37591	
3.6229	4.72511	-1.37376	
3.6055	4.73589	-1.37222	
3.58939	4.74627	-1.37044	
3.57503	4.75595	-1.36792	
3.56266	4.76491	-1.36432	
3.55257	4.77346	-1.3618	
3.54349	4.78215	-1.36084	
3.53471	4.79078	-1.35922	
3.52529	4.79948	-1.35651	
3.51521	4.80766	-1.34983	
3.50507	4.81535	-1.3402	
3.49501	4.82275	-1.32942	
3.48523	4.83028	-1.31979	
3.47555	4.83837	-1.31302	
3.46614	4.84604	-1.30436	
3.45703	4.85316	-1.29294	
3.44768	4.85978	-1.27854	
3.43824	4.86632	-1.26343	
3.42882	4.87313	-1.24935	
3.42006	4.88031	-1.23784	
3.41203	4.88809	-1.22996	
3.40395	4.89579	-1.22162	
3.39588	4.903	-1.21069	
3.38737	4.91001	-1.19873	
3.37849	4.91716	-1.18715	
3.3701	4.92491	-1.17897	
3.36252	4.93265	-1.17179	
3.3548	4.94038	-1.16482	
3.34773	4.94774	-1.15706	
3.34117	4.9544	-1.14736	
3.33518	4.96092	-1.1381	
3.32977	4.96756	-1.1305	
3.3246	4.97426	-1.12403	
3.31958	4.98054	-1.11649	
3.31435	4.98649	-1.10835	
3.30932	4.99194	-1.09934	
3.30486	4.99741	-1.09211	
3.301	5.00294	-1.08668	
3.29821	5.00828	-1.08247	
3.29693	5.01272	-1.07724	
3.29644	5.01618	-1.07002	
3.29725	5.01849	-1.06056	
3.29836	5.02024	-1.04999	
3.29998	5.0221	-1.04179	
3.3017	5.0238	-1.0341	
3.30273	5.02569	-1.02782	
3.30334	5.02673	-1.01857	
3.30369	5.02732	-1.00838	
3.30432	5.02761	-0.998505	
3.30556	5.02766	-0.989506	
3.30767	5.02753	-0.982241	
3.31013	5.02683	-0.974431	
3.31343	5.02535	-0.965981	
3.31721	5.02313	-0.956538	
3.32162	5.0199	-0.945271	
3.32626	5.0165	-0.935267	
3.33087	5.01273	-0.925426	
3.33602	5.00848	-0.916072	
3.34139	5.00303	-0.903859	
3.34782	4.99623	-0.889387	
3.35529	4.98869	-0.875262	
3.36443	4.98041	-0.862576	
3.3742	4.97149	-0.85032	
3.38473	4.96116	-0.835584	
3.39593	4.94955	-0.818953	
3.40707	4.93656	-0.79908	
3.4184	4.92344	-0.781052	
3.42976	4.90973	-0.763228	
3.44134	4.89597	-0.74763	
3.45326	4.88135	-0.731299	
3.46559	4.86612	-0.715299	
3.47775	4.85031	-0.698633	
3.49076	4.83391	-0.683689	
3.50357	4.81727	-0.670083	
3.51673	4.80083	-0.660081	
3.5297	4.78359	-0.649562	
3.54211	4.76619	-0.639545	
3.55404	4.74856	-0.630343	
3.56555	4.73151	-0.624509	
3.5765	4.71514	-0.621659	
3.58732	4.69829	-0.619038	
3.59739	4.68073	-0.614635	
3.60718	4.66234	-0.608543	
3.61602	4.64381	-0.602799	
3.62495	4.62552	-0.599375	
3.63281	4.60678	-0.59486	
3.6397	4.5875	-0.588412	
3.64567	4.56781	-0.580143	
3.6507	4.54758	-0.571001	
3.65414	4.52832	-0.563788	
3.65433	4.50989	-0.555434	
3.65205	4.49168	-0.544651	
3.64653	4.47423	-0.531596	
3.63873	4.45706	-0.516963	
3.62923	4.44002	-0.501725	
3.61955	4.42298	-0.4874	
3.61145	4.40406	-0.470711	
3.60554	4.38361	-0.452817	
3.6027	4.36125	-0.434084	
3.60352	4.3375	-0.417318	
3.60834	4.31299	-0.404422	
3.61555	4.28731	-0.39273	
3.62504	4.26033	-0.381741	
3.63634	4.23193	-0.370366	
3.64903	4.2022	-0.359118	
3.66269	4.17256	-0.350626	
3.67748	4.14244	-0.343677	
3.69221	4.11256	-0.337558	
3.70599	4.08276	-0.33061	
3.71972	4.05207	-0.322029	
3.73371	4.02105	-0.314301	
3.747	3.98948	-0.306432	
3.75982	3.95745	-0.298728	
3.77096	3.92503	-0.288755	
3.77966	3.89212	-0.275361	
3.78465	3.86001	-0.259495	
3.78767	3.82816	-0.242825	
3.78717	3.7967	-0.223634	
3.78382	3.76599	-0.20263	
3.77618	3.73595	-0.177706	
3.76444	3.70683	-0.149145	
3.74985	3.67874	-0.11894	
3.73426	3.6513	-0.0893097	
3.71922	3.62463	-0.061503	
3.70579	3.59845	-0.0353763	
3.69306	3.57263	-0.00975922	
3.6801	3.54787	0.0149947	
3.6677	3.5232	0.0386798	
3.65628	3.49881	0.0603328	
3.64604	3.47456	0.0797022	
3.63564	3.45025	0.0995333	
3.62669	3.42627	0.117619	
3.61872	3.40168	0.135485	
3.61235	3.37695	0.151276	
3.60885	3.35235	0.163356	
3.60825	3.32693	0.173394	
3.6114	3.30023	0.181606	
3.6172	3.27251	0.189109	
3.62649	3.24369	0.19418	
3.63847	3.21475	0.196262	
3.65274	3.1853	0.196173	
3.66786	3.15579	0.195498	
3.68292	3.12672	0.194922	
3.6976	3.09752	0.195542	
3.71214	3.0688	0.195661	
3.72604	3.03979	0.196625	
3.73828	3.01198	0.198148	
3.74927	2.98454	0.201056	
3.75692	2.95854	0.206462	
3.76282	2.93334	0.21314	
3.76744	2.9083	0.220587	
3.76858	2.88431	0.23069	
3.76832	2.8607	0.242021	
3.76332	2.83776	0.258499	
3.75534	2.81519	0.278299	
3.74601	2.79291	0.299466	
3.7371	2.77062	0.320165	
3.73096	2.74736	0.338741	
3.72645	2.72321	0.35676	
3.72259	2.69861	0.374896	
3.71841	2.67398	0.393941	
3.71559	2.64845	0.412471	
3.7136	2.6229	0.430218	
3.7125	2.59759	0.447098	
3.71145	2.57202	0.46466	
3.70938	2.5473	0.483335	
3.70826	2.5221	0.501783	
3.70991	2.49673	0.517432	
3.71549	2.47103	0.528896	
3.72456	2.44428	0.537559	
3.7349	2.4176	0.545071	
3.74513	2.39108	0.552935	
3.75575	2.36494	0.560168	
3.76701	2.33891	0.566641	
3.77874	2.3139	0.571678	
3.7898	2.29051	0.576208	
3.79963	2.26877	0.580976	
3.8073	2.2485	0.58731	
3.81346	2.22969	0.594336	
3.81835	2.21322	0.601003	
3.82324	2.19746	0.607202	
3.82636	2.18332	0.614443	
3.82752	2.1701	0.623652	
3.82621	2.15749	0.635743	
3.82569	2.14477	0.647355	
3.82743	2.13136	0.657158	
3.83139	2.11696	0.665476	
3.83698	2.10199	0.672677	
3.84265	2.08674	0.680427	
3.84743	2.07169	0.689512	
3.85169	2.05743	0.699062	
3.85618	2.04298	0.709019	
3.86112	2.02838	0.719171	
3.86557	2.0143	0.730095	
3.86829	2.00129	0.742821	
3.87033	1.98913	0.756176	
3.8742	1.97701	0.767771	
3.88162	1.9632	0.776834	
3.89182	1.9488	0.783306	
3.90219	1.93424	0.78996	
3.91157	1.92091	0.797067	
3.92035	1.90768	0.805146	
3.92905	1.89505	0.813399	
3.93791	1.88358	0.820989	
3.94609	1.87205	0.829763	
3.95354	1.86144	0.839012	
3.95954	1.85206	0.849313	
3.96626	1.84211	0.859552	
3.97577	1.83164	0.866898	
3.98881	1.82004	0.870881	
4.00294	1.80754	0.873957	
4.01777	1.7947	0.876204	
4.03251	1.78113	0.879108	
4.04792	1.76787	0.881343	
4.06411	1.75436	0.88329	
4.07958	1.74049	0.886909	
4.09474	1.72728	0.890657	
4.10813	1.71353	0.897306	
4.12071	1.70016	0.905092	
4.13284	1.68672	0.913944	
4.14584	1.67258	0.923007	
4.15917	1.6584	0.931943	
4.17233	1.64367	0.941387	
4.18624	1.62821	0.950151	
4.20074	1.61287	0.958007	
4.21674	1.59602	0.965502	
4.23268	1.57967	0.973065	
4.24818	1.56343	0.98143	
4.26121	1.54791	0.992308	
4.27246	1.53428	1.00419	
4.28351	1.52078	1.01654	
4.29407	1.50816	1.0294	
4.30506	1.49608	1.04173	
4.31459	1.48458	1.05547	
4.32521	1.47353	1.06701	
4.33547	1.46256	1.07824	
4.34819	1.45062	1.08685	
4.36234	1.43801	1.09413	
4.37783	1.42511	1.10018	
4.3936	1.41253	1.10558	
4.40809	1.39999	1.11242	
4.42187	1.38832	1.11962	
4.43617	1.37712	1.1264	
4.45138	1.36483	1.13315	
4.46802	1.35248	1.13887	
4.48454	1.34017	1.14462	
4.50172	1.32715	1.14981	
4.52107	1.31341	1.15227	
4.543	1.29833	1.15227	
4.56631	1.28234	1.15119	
4.59107	1.26518	1.14888	
4.61269	1.24955	1.14978	
4.6319	1.23465	1.15315	
4.65033	1.21961	1.15814	
4.66764	1.20539	1.16469	
4.68371	1.19077	1.17332	
4.6965	1.17793	1.18534	
4.70659	1.16556	1.20039	
4.71729	1.15253	1.21461	
4.72886	1.13872	1.22787	
4.74078	1.12485	1.24053	
4.75162	1.11073	1.25429	
4.76002	1.09704	1.27063	
4.76805	1.08414	1.28681	
4.77668	1.07067	1.30276	
4.78574	1.05703	1.31817	
4.79534	1.04298	1.33223	
4.8054	1.02932	1.34453	
4.81797	1.01472	1.35312	
4.8321	0.999124	1.35962	
4.84766	0.983228	1.36436	
4.86431	0.967254	1.36744	
4.87995	0.951863	1.37114	
4.89457	0.937318	1.3753	
4.90958	0.921867	1.37912	
4.9259	0.906497	1.38125	
4.94391	0.890038	1.381	
4.96245	0.873423	1.37935	
4.98069	0.857118	1.37715	
5.00009	0.839416	1.37327	
5.01985	0.822091	1.36871	
5.04002	0.804611	1.36353	
5.05872	0.787859	1.35954	
5.07451	0.772279	1.3586	
5.08997	0.756229	1.35782	
5.10512	0.740329	1.35747	
5.11921	0.724975	1.35833	
5.13184	0.710049	1.36045	
5.14362	0.69535	1.36309	
5.15619	0.679357	1.36432	
5.1691	0.662822	1.36507	
5.18242	0.645772	1.36531	
5.19563	0.628917	1.36539	
5.20661	0.612828	1.36782	
5.21497	0.598024	1.37303	
5.22229	0.583696	1.37934	
5.22858	0.569472	1.38699	
5.23602	0.554642	1.39317	
5.24378	0.539745	1.39858	
5.25136	0.525263	1.40364	
5.25862	0.510685	1.40882	
5.26551	0.496496	1.41433	
5.27223	0.482115	1.42005	
5.27735	0.468912	1.4274	
5.28023	0.456507	1.43721	
5.28236	0.445342	1.4474	
5.28673	0.432932	1.45459	
5.29351	0.419316	1.45848	
5.30035	0.405633	1.462	
5.30597	0.392464	1.46657	
5.31053	0.380021	1.47201	
5.31505	0.367845	1.47721	
5.31935	0.354786	1.48268	
5.32566	0.341524	1.48515	
5.33332	0.327915	1.48533	
5.34141	0.314466	1.48439	
5.35116	0.300332	1.48107	
5.36259	0.285117	1.47557	
5.37385	0.269879	1.47005	
5.38388	0.255787	1.4657	
5.39269	0.242935	1.46249	
5.40121	0.230836	1.45938	
5.41017	0.217793	1.45572	
5.422	0.204176	1.44809	
5.43379	0.190997	1.44018	
5.4454	0.177482	1.43224	
5.45738	0.164659	1.42356	
5.46894	0.152392	1.41533	
5.48017	0.139667	1.40753	
5.48933	0.128524	1.40211	
5.49628	0.118236	1.39935	
5.50116	0.109313	1.39905	
5.50661	0.0997811	1.39803	
5.51365	0.0893507	1.39486	
5.52073	0.0784512	1.39147	
5.52638	0.0684665	1.38965	
5.53094	0.0580286	1.3892	
5.53469	0.0474083	1.38984	
5.53803	0.0368442	1.39099	
5.54013	0.0276955	1.3935	
5.53996	0.0188561	1.3989	
5.53919	0.0105792	1.40484	
5.54093	0.000369913	1.40752	
5.54359	-0.0104338	1.40897	
5.54636	-0.0207128	1.41016	
5.54697	-0.0311028	1.41414	
5.54623	-0.0391165	1.41959	
5.54458	-0.0467356	1.42618	
5.54352	-0.0541129	1.43196	
5.5442	-0.062901	1.43548	
5.54634	-0.0718063	1.43692	
5.54853	-0.0811706	1.4382	
5.55075	-0.0894564	1.43927	
5.55304	-0.0981225	1.44025	
5.55524	-0.105993	1.44126	
5.55716	-0.113948	1.44252	
5.55836	-0.12015	1.44446	
5.56197	-0.127287	1.44311	
5.56889	-0.135394	1.43729	
5.57673	-0.14351	1.43015	
5.58408	-0.150798	1.42345	
5.59064	-0.156938	1.41759	
5.59707	-0.162079	1.41174	
5.60417	-0.167109	1.40495	
5.61061	-0.172171	1.39897	
5.61697	-0.176008	1.39287	
5.62434	-0.180137	1.38528	
5.6331	-0.186093	1.37588	
5.64346	-0.192338	1.36429	
5.65312	-0.199505	1.35365	
5.66167	-0.206402	1.34439	
5.66859	-0.212868	1.33723	
5.6744	-0.220094	1.33156	
5.68091	-0.227632	1.32495	
5.6866	-0.236262	1.31946	
5.69248	-0.244785	1.3136	
5.69863	-0.25322	1.30727	
5.70523	-0.262738	1.30032	
5.7125	-0.272022	1.29239	
5.71811	-0.281594	1.28667	
5.7216	-0.289036	1.28355	
5.72199	-0.294527	1.2844	
5.72179	-0.299695	1.28595	
5.7216	-0.304839	1.28741	
5.72227	-0.310624	1.28764	
5.72257	-0.315503	1.28819	
5.72161	-0.320426	1.29035	
5.71928	-0.32472	1.29426	
5.71721	-0.329305	1.29773	
5.71319	-0.332313	1.30365	
5.70827	-0.334687	1.31065	
5.70281	-0.336674	1.31824	
5.69902	-0.339178	1.32352	
5.69699	-0.342876	1.32639	
5.6954	-0.346202	1.32854	
5.69354	-0.349301	1.33093	
5.68933	-0.350788	1.33632	
5.68607	-0.352295	1.34034	
5.68508	-0.354881	1.34122	
5.68707	-0.359299	1.33809	
5.69173	-0.363698	1.33122	
5.69554	-0.368716	1.32546	
5.69894	-0.372741	1.3201	
5.70285	-0.377506	1.31398	
5.70659	-0.381846	1.30795	
5.71029	-0.386539	1.3019	
5.71415	-0.390464	1.2955	
5.71904	-0.394072	1.28764	
5.72637	-0.399206	1.27647	
5.73532	-0.405292	1.26306	
5.74401	-0.411486	1.24992	
5.75141	-0.417564	1.23848	
5.75685	-0.421737	1.22952	
5.76203	-0.425947	1.22083	
5.7672	-0.429708	1.212	
5.77291	-0.433441	1.20234	
5.7786	-0.437041	1.19269	
5.78348	-0.439901	1.18406	
5.78942	-0.443812	1.174	
5.79526	-0.447558	1.16393	
5.80032	-0.450947	1.15482	
5.80321	-0.452911	1.14847	
5.80304	-0.453689	1.14616	
5.80096	-0.45293	1.14625	
5.79817	-0.452679	1.1472	
5.79639	-0.45314	1.14672	
5.79497	-0.45338	1.14567	
5.79245	-0.452972	1.14604	
5.78844	-0.452027	1.1483	
5.78386	-0.450877	1.1512	
5.77877	-0.449212	1.15459	
5.77283	-0.44658	1.15899	
5.76705	-0.444399	1.16319	
5.7612	-0.44131	1.16745	
5.75668	-0.439644	1.16996	
5.7528	-0.438299	1.17149	
5.74921	-0.437162	1.17261	
5.74443	-0.435755	1.17536	
5.73833	-0.432693	1.17984	
5.73508	-0.431596	1.1806	
5.73422	-0.432341	1.17822	
5.73515	-0.433569	1.17349	
5.73565	-0.434744	1.16936	
5.73518	-0.435154	1.16656	
5.73441	-0.435569	1.16423	
5.73494	-0.436229	1.16002	
5.73622	-0.436157	1.15476	
5.73924	-0.437431	1.14726	
5.74374	-0.440064	1.13796	
5.74937	-0.441956	1.12717	
5.75613	-0.446483	1.11497	
5.76292	-0.450857	1.1027	
5.76962	-0.454435	1.09049	
5.77596	-0.458369	1.07879	
5.78076	-0.461431	1.0692	
5.78463	-0.464291	1.06085	
5.78926	-0.468277	1.05148	
5.7952	-0.47265	1.04039	
5.80229	-0.477772	1.02786	
5.80822	-0.482849	1.017	
5.81387	-0.487208	1.00653	
5.81781	-0.49177	0.998362	
5.82101	-0.495558	0.991113	
5.82312	-0.498467	0.985276	
5.82282	-0.500095	0.982681	
5.82054	-0.50041	0.982801	
5.8177	-0.500386	0.983728	
5.81514	-0.500893	0.984332	
5.81277	-0.502032	0.984794	
5.80878	-0.501866	0.987418	
5.80139	-0.499603	0.994656	
5.79162	-0.496534	1.00521	
5.78006	-0.492356	1.01813	
5.77034	-0.488934	1.02868	
5.76177	-0.487077	1.03783	
5.75232	-0.485116	1.04828	
5.7431	-0.482312	1.05849	
5.73324	-0.479332	1.06964	
5.72511	-0.475962	1.07844	
5.71903	-0.472999	1.08453	
5.71654	-0.473017	1.08602	
5.71757	-0.473588	1.08286	
5.71931	-0.474376	1.07885	
5.72202	-0.475668	1.07364	
5.72559	-0.477752	1.06738	
5.73013	-0.48039	1.05992	
5.73426	-0.482126	1.05307	
5.73862	-0.48393	1.04606	
5.74307	-0.485902	1.03907	
5.75054	-0.489111	1.02814	
5.7601	-0.49316	1.0145	
5.76981	-0.497705	1.00078	
5.77811	-0.501742	0.989043	
5.78373	-0.503937	0.980963	
5.78953	-0.505968	0.972718	
5.79566	-0.50787	0.964084	
5.80276	-0.510407	0.954264	
5.81126	-0.513559	0.942656	
5.81904	-0.515966	0.932076	
5.82579	-0.518835	0.923026	
5.83081	-0.521732	0.916424	
5.8358	-0.524737	0.909971	
5.84077	-0.527174	0.903584	
5.84314	-0.528387	0.90078	
5.84319	-0.528358	0.901167	
5.84073	-0.527664	0.905035	
5.83732	-0.527276	0.910311	
5.83411	-0.52703	0.91541	
5.83065	-0.526911	0.920995	
5.82612	-0.525306	0.928071	
5.81939	-0.522237	0.938162	
5.81067	-0.518271	0.951042	
5.80137	-0.513012	0.964721	
5.79302	-0.509221	0.977305	
5.78599	-0.505617	0.988184	
5.77964	-0.50172	0.998223	
5.77342	-0.496867	1.00811	
5.76682	-0.491726	1.01858	
5.76122	-0.487484	1.02778	
5.7568	-0.483238	1.03541	
5.75456	-0.480933	1.04022	
5.75387	-0.479416	1.04304	
5.75463	-0.477564	1.04391	
5.75609	-0.474577	1.04381	
5.75661	-0.471454	1.045	
5.75694	-0.46828	1.04645	
5.75977	-0.466294	1.04457	
5.76464	-0.46602	1.04	
5.77202	-0.467071	1.03211	
5.7791	-0.468887	1.02468	
5.78471	-0.470219	1.01923	
5.78938	-0.471248	1.01503	
5.79418	-0.471959	1.01067	
5.80081	-0.472583	1.00387	
5.80956	-0.474725	0.994339	
5.81999	-0.478366	0.982599	
5.83042	-0.483606	0.97093	
5.83919	-0.48932	0.961532	
5.846	-0.49458	0.954793	
5.85223	-0.49974	0.948893	
5.85815	-0.504471	0.943543	
5.86336	-0.507961	0.939188	
5.86719	-0.50975	0.936695	
5.86935	-0.510413	0.936487	
5.87085	-0.511178	0.937178	
5.87152	-0.512118	0.939055	
5.87065	-0.513328	0.943151	
5.86886	-0.513199	0.94853	
5.86618	-0.511791	0.955134	
5.86235	-0.508809	0.963234	
5.85713	-0.504652	0.973106	
5.85128	-0.499731	0.983715	
5.84541	-0.496253	0.994429	
5.83892	-0.492434	1.00596	
5.83227	-0.489222	1.01774	
5.82605	-0.485663	1.02886	
5.82047	-0.482286	1.03897	
5.81692	-0.478646	1.04612	
5.81483	-0.474357	1.05117	
5.8131	-0.470781	1.05571	
5.81126	-0.467431	1.06036	
5.8088	-0.463983	1.0658	
5.80795	-0.46045	1.06893	
5.80987	-0.457849	1.06819	
5.81234	-0.454747	1.06657	
5.81465	-0.45206	1.06511	
5.81688	-0.450223	1.06377	
5.8195	-0.448349	1.06184	
5.82363	-0.447119	1.05785	
5.82902	-0.447422	1.05217	
5.83649	-0.448933	1.04362	
5.84496	-0.452121	1.03371	
5.85334	-0.454821	1.0238	
5.86171	-0.458386	1.01393	
5.87029	-0.462826	1.00379	
5.87833	-0.46777	0.994401	
5.88547	-0.472429	0.986222	
5.89129	-0.475917	0.979709	
5.89557	-0.478714	0.975188	
5.9	-0.48198	0.970383	
5.90313	-0.485456	0.967347	
5.90575	-0.488924	0.964948	
5.90629	-0.4916	0.965325	
5.90424	-0.492022	0.969059	
5.89983	-0.490429	0.975823	
5.89139	-0.485801	0.987818	
5.88033	-0.481057	1.00329	
5.86748	-0.475314	1.02108	
5.85523	-0.46917	1.03794	
5.84438	-0.463142	1.05283	
5.83356	-0.455844	1.0675	
5.82403	-0.449596	1.08036	
5.81484	-0.443796	1.09271	
5.80648	-0.438719	1.10386	
5.79806	-0.433395	1.115	
5.79079	-0.428844	1.12452	
5.78519	-0.424508	1.1317	
5.7825	-0.421524	1.13487	
5.78175	-0.419645	1.1354	
5.78113	-0.418429	1.13572	
5.78135	-0.417066	1.13483	
5.78115	-0.415865	1.13445	
5.78112	-0.41508	1.13382	
5.78092	-0.415214	1.1334	
5.78434	-0.417101	1.12812	
5.7908	-0.419775	1.11866	
5.79799	-0.422434	1.10814	
5.80479	-0.425868	1.09815	
5.80882	-0.427733	1.09182	
5.81221	-0.428388	1.08621	
5.81653	-0.429168	1.07931	
5.82474	-0.431132	1.06711	
5.8348	-0.434809	1.05244	
5.84482	-0.437287	1.03769	
5.85126	-0.438544	1.02771	
5.85569	-0.439272	1.02038	
5.85755	-0.438722	1.01643	
5.85702	-0.436143	1.01555	
5.85604	-0.433255	1.01518	
5.8538	-0.430998	1.01653	
5.84974	-0.427694	1.02021	
5.84485	-0.424155	1.02495	
5.83791	-0.420365	1.03241	
5.82798	-0.414637	1.04382	
5.81572	-0.408652	1.05837	
5.80151	-0.402713	1.07557	
5.78905	-0.398031	1.09044	
5.77861	-0.39361	1.10247	
5.76963	-0.388107	1.11235	
5.76006	-0.383113	1.12304	
5.74932	-0.37692	1.13529	
5.73962	-0.371818	1.14622	
5.73125	-0.368148	1.15543	
5.72388	-0.36439	1.16323	
5.71731	-0.360307	1.16987	
5.7113	-0.354963	1.17563	
5.7087	-0.350906	1.17683	
5.70978	-0.348773	1.17314	
5.71163	-0.346595	1.16843	
5.71161	-0.343754	1.16624	
5.7083	-0.338777	1.16843	
5.70405	-0.333838	1.17193	
5.70393	-0.330417	1.16988	
5.70841	-0.328618	1.16164	
5.71449	-0.327736	1.15128	
5.71756	-0.325363	1.14491	
5.71888	-0.323559	1.14098	
5.72192	-0.321843	1.13469	
5.72583	-0.319724	1.12718	
5.72882	-0.317526	1.12092	
5.73104	-0.316057	1.1158	
5.73435	-0.316235	1.10934	
5.73935	-0.317449	1.10056	
5.74241	-0.317037	1.09424	
5.74273	-0.316391	1.0917	
5.73919	-0.314119	1.09434	
5.73411	-0.311738	1.09912	
5.72955	-0.310415	1.1033	
5.72429	-0.308031	1.10836	
5.7168	-0.304145	1.11633	
5.70824	-0.298746	1.12564	
5.69905	-0.292695	1.13576	
5.69098	-0.286471	1.14438	
5.68483	-0.280794	1.15046	
5.67707	-0.275095	1.1588	
5.66641	-0.267096	1.17097	
5.65626	-0.259023	1.18241	
5.64987	-0.25177	1.18875	
5.64748	-0.246156	1.18976	
5.64386	-0.238706	1.19233	
5.64105	-0.232663	1.19398	
5.63973	-0.227287	1.19374	
5.63781	-0.221115	1.19428	
5.63501	-0.215257	1.19609	
5.63158	-0.209101	1.19876	
5.63261	-0.206402	1.19569	
5.63534	-0.204201	1.19034	
5.63969	-0.203886	1.183	
5.64094	-0.202033	1.17982	
5.63748	-0.197832	1.18298	
5.63219	-0.193561	1.18869	
5.62955	-0.191383	1.19099	
5.62946	-0.189321	1.18984	
5.63033	-0.187908	1.18744	
5.63058	-0.185695	1.18587	
5.62958	-0.182615	1.18596	
5.6285	-0.180228	1.18626	
5.62402	-0.175638	1.19109	
5.61787	-0.170506	1.19823	
5.6121	-0.166018	1.20495	
5.60649	-0.162226	1.21153	
5.60232	-0.158994	1.2162	
5.59782	-0.155625	1.22132	
5.59058	-0.150288	1.23009	
5.58296	-0.14504	1.23944	
5.57755	-0.140062	1.24584	
5.57537	-0.136992	1.24803	
5.57452	-0.134374	1.24846	
5.57216	-0.131817	1.251	
5.57188	-0.131064	1.2509	
5.57421	-0.129578	1.24723	
5.57835	-0.128492	1.2412	
5.58213	-0.127129	1.23572	
5.58395	-0.125168	1.23294	
5.58661	-0.124726	1.2292	
5.58994	-0.123846	1.22458	
5.59406	-0.122447	1.21892	
5.59637	-0.119524	1.2157	
5.59714	-0.116563	1.21466	
5.59789	-0.113609	1.21369	
5.59928	-0.111788	1.21201	
5.60035	-0.108924	1.21077	
5.59835	-0.104355	1.21366	
5.59349	-0.098673	1.22047	
5.58762	-0.0918672	1.22864	
5.58372	-0.0879326	1.23436	
5.57821	-0.0835312	1.24232	
5.56976	-0.0785505	1.25431	
5.55787	-0.0719795	1.27095	
5.54594	-0.065083	1.2877	
5.5376	-0.0599405	1.29974	
5.52984	-0.0563253	1.31117	
5.52074	-0.053962	1.32454	
5.51034	-0.0520543	1.33974	
5.49985	-0.0496794	1.35512	
5.49098	-0.0471285	1.36835	
5.48257	-0.0433712	1.38099	
5.47577	-0.0408297	1.39159	
5.47271	-0.041472	1.39737	
5.47215	-0.0431427	1.39993	
5.47394	-0.0459674	1.39948	
5.47627	-0.0472201	1.39831	
5.47908	-0.047953	1.39658	
5.48375	-0.0487884	1.39245	
5.49279	-0.0511146	1.38262	
5.50558	-0.0553922	1.36793	
5.51666	-0.0586832	1.35555	
5.52416	-0.060866	1.34804	
5.53107	-0.0618199	1.34135	
5.53819	-0.0641	1.33461	
5.54533	-0.0659838	1.32797	
5.55098	-0.0677628	1.32342	
5.5538	-0.0688737	1.32272	
5.55435	-0.069306	1.32509	
5.55507	-0.0705229	1.32735	
5.5546	-0.0709521	1.33135	
5.55047	-0.0699892	1.34035	
5.5431	-0.0681014	1.35384	
5.53464	-0.0667532	1.36882	
5.52644	-0.0663345	1.3835	
5.5167	-0.0645442	1.40029	
5.50364	-0.0605638	1.42156	
5.48728	-0.0568416	1.44734	
5.47083	-0.0540622	1.47331	
5.45741	-0.0524492	1.49528	
5.44517	-0.0505622	1.51571	
5.43226	-0.048264	1.53706	
5.41827	-0.0447465	1.55986	
5.40521	-0.0415465	1.58153	
5.39738	-0.0398076	1.5963	
5.39497	-0.0423573	1.60407	
5.39371	-0.0450576	1.61039	
5.39187	-0.0473208	1.61762	
5.39064	-0.0500725	1.6241	
5.39243	-0.0536984	1.62677	
5.39892	-0.060705	1.62333	
5.40925	-0.0689665	1.61487	
5.42037	-0.0781088	1.60535	
5.43013	-0.087469	1.59757	
5.4401	-0.0965227	1.58949	
5.45167	-0.10731	1.57937	
5.46328	-0.118728	1.56926	
5.47337	-0.130291	1.56114	
5.48189	-0.141745	1.55491	
5.48863	-0.15354	1.55088	
5.49557	-0.165143	1.54657	
5.50135	-0.176793	1.54387	
5.50365	-0.186682	1.54582	
5.49997	-0.193546	1.55568	
5.4925	-0.198253	1.57048	
5.48405	-0.203978	1.58642	
5.47582	-0.209626	1.60211	
5.4647	-0.213947	1.62173	
5.44981	-0.216431	1.64645	
5.43151	-0.217845	1.67563	
5.41393	-0.220678	1.70365	
5.3973	-0.223386	1.73029	
5.38108	-0.22613	1.75637	
5.36327	-0.228891	1.7845	
5.34483	-0.231302	1.81343	
5.33064	-0.237411	1.83656	
5.32163	-0.246429	1.85266	
5.31454	-0.258051	1.86599	
5.3083	-0.269866	1.87809	
5.30219	-0.282056	1.88993	
5.29827	-0.295948	1.89867	
5.30056	-0.313954	1.89884	
5.30517	-0.334181	1.89556	
5.30882	-0.352969	1.89336	
5.31088	-0.370645	1.8931	
5.31407	-0.389014	1.89108	
5.31953	-0.408787	1.88574	
5.32683	-0.429802	1.87757	
5.33331	-0.449547	1.87021	
5.3372	-0.468508	1.86595	
5.33789	-0.486111	1.86562	
5.33749	-0.503706	1.86637	
5.33706	-0.520699	1.86696	
5.33713	-0.538795	1.86651	
5.33608	-0.556653	1.86719	
5.33295	-0.573977	1.87027	
5.327	-0.591385	1.87655	
5.32008	-0.609044	1.88368	
5.311	-0.627475	1.89305	
5.30057	-0.646077	1.90372	
5.28802	-0.664608	1.91663	
5.27207	-0.68272	1.93343	
5.25357	-0.699909	1.95312	
5.23467	-0.718325	1.97267	
5.21616	-0.737348	1.99114	
5.19802	-0.756622	2.00862	
5.17924	-0.775413	2.02648	
5.16017	-0.794496	2.04417	
5.14126	-0.815533	2.06074	
5.12202	-0.836348	2.07725	
5.10331	-0.858517	2.09223	
5.08759	-0.881097	2.10292	
5.07371	-0.904308	2.1107	
5.05955	-0.926562	2.11854	
5.04538	-0.949026	2.12583	
5.03185	-0.970922	2.13195	
5.02031	-0.993908	2.13494	
5.00937	-1.0174	2.1366	
4.99867	-1.039	2.13805	
4.98639	-1.05948	2.14129	
4.97337	-1.07884	2.14525	
4.95983	-1.09959	2.1489	
4.94704	-1.12024	2.15113	
4.93487	-1.14134	2.15216	
4.92152	-1.16091	2.15475	
4.90707	-1.17863	2.15882	
4.89383	-1.19593	2.16111	
4.88018	-1.2151	2.16269	
4.86785	-1.23472	2.16222	
4.85527	-1.2551	2.16147	
4.84008	-1.2737	2.16398	
4.82343	-1.29175	2.16783	
4.80698	-1.31108	2.17031	
4.78988	-1.33108	2.17255	
4.77225	-1.35121	2.17498	
4.75441	-1.37085	2.17749	
4.73604	-1.39007	2.18052	
4.7161	-1.40949	2.18479	
4.69511	-1.42965	2.18932	
4.6733	-1.45077	2.19375	
4.65331	-1.47298	2.19546	
4.63451	-1.49546	2.19548	
4.61421	-1.51715	2.19718	
4.59265	-1.53969	2.19917	
4.56956	-1.56351	2.20168	
4.54676	-1.5879	2.20309	
4.52409	-1.61229	2.20392	
4.50226	-1.63471	2.20445	
4.47887	-1.65679	2.20624	
4.45388	-1.67877	2.20915	
4.42884	-1.70132	2.21115	
4.40291	-1.72358	2.21365	
4.37782	-1.74444	2.21579	
4.35247	-1.7637	2.21873	
4.32659	-1.7829	2.22173	
4.30178	-1.80158	2.22346	
4.27623	-1.81976	2.22566	
4.25292	-1.83818	2.22546	
4.23083	-1.85527	2.22476	
4.2078	-1.87087	2.22554	
4.1853	-1.88817	2.22454	
4.16182	-1.90527	2.2243	
4.13821	-1.92346	2.22343	
4.11767	-1.94216	2.21934	
4.09853	-1.9612	2.21363	
4.07884	-1.9803	2.20864	
4.05797	-2.00004	2.20421	
4.03622	-2.01821	2.2013	
4.01467	-2.03687	2.1978	
3.99358	-2.05617	2.19354	
3.97433	-2.07427	2.18839	
3.95413	-2.09132	2.18491	
3.93263	-2.10571	2.18414	
3.90953	-2.12014	2.18466	
3.88503	-2.13428	2.18663	
3.86101	-2.1485	2.18795	
3.83814	-2.16193	2.18875	
3.81394	-2.17383	2.19175	
3.78744	-2.18409	2.19804	
3.75915	-2.19345	2.20664	
3.72931	-2.20274	2.21643	
3.70109	-2.21323	2.22373	
3.67322	-2.2259	2.22888	
3.64628	-2.23955	2.23215	
3.61931	-2.25387	2.23482	
3.59234	-2.26666	2.23845	
3.56654	-2.27887	2.24152	
3.54332	-2.29024	2.24306	
3.5212	-2.30381	2.24183	
3.49983	-2.31959	2.23794	
3.47809	-2.33732	2.23278	
3.45553	-2.35521	2.22818	
3.43354	-2.37154	2.22464	
3.41253	-2.38652	2.22157	
3.39345	-2.40204	2.21648	
3.37457	-2.41926	2.2098	
3.35536	-2.43681	2.20314	
3.33604	-2.45364	2.19704	
3.31842	-2.47093	2.18906	
3.30442	-2.48769	2.17856	
3.29041	-2.50368	2.16903	
3.27479	-2.51844	2.1622	
3.25685	-2.53213	2.1586	
3.23718	-2.54577	2.15669	
3.21842	-2.56069	2.15293	
3.20181	-2.57584	2.14725	
3.18533	-2.59135	2.14125	
3.16703	-2.60671	2.13707	
3.14785	-2.62154	2.13418	
3.12712	-2.63411	2.1347	
3.10642	-2.6441	2.13775	
3.08559	-2.65093	2.14418	
3.06502	-2.65543	2.1528	
3.04309	-2.65998	2.16281	
3.01987	-2.66656	2.17224	
2.99647	-2.67457	2.18066	
2.97247	-2.68383	2.18866	
2.9499	-2.69292	2.19588	
2.92767	-2.70237	2.20272	
2.90512	-2.71236	2.20952	
2.88339	-2.7228	2.21538	
2.86161	-2.73302	2.22167	
2.84126	-2.74157	2.22865	
2.82333	-2.74767	2.23631	
2.80649	-2.75289	2.24421	
2.79044	-2.75834	2.25145	
2.77455	-2.76433	2.25824	
2.75958	-2.77155	2.26327	
2.74567	-2.77991	2.26648	
2.73493	-2.78945	2.2661	
2.7274	-2.79896	2.26337	
2.7221	-2.80928	2.25823	
2.71784	-2.82085	2.25126	
2.71285	-2.83437	2.24314	
2.70789	-2.84789	2.23527	
2.70209	-2.86057	2.22923	
2.69713	-2.87338	2.22257	
2.69288	-2.88667	2.21502	
2.68684	-2.8993	2.2098	
2.6798	-2.91623	2.20104	
2.66864	-2.93202	2.19709	
2.65325	-2.94756	2.19703	
2.63763	-2.96548	2.19481	
2.62241	-2.98154	2.19452	
2.60615	-2.9988	2.19401	
2.5889	-3.01687	2.19363	
2.56958	-3.03545	2.19451	
2.54903	-3.05146	2.19944	
2.52936	-3.06716	2.20424	
2.51278	-3.08146	2.20831	
2.49777	-3.09459	2.21276	
2.48231	-3.10595	2.2199	
2.46872	-3.11871	2.22455	
2.45464	-3.12921	2.23235	
2.44194	-3.1376	2.24167	
2.43316	-3.14767	2.24627	
2.42516	-3.15918	2.24872	
2.4169	-3.17059	2.25175	
2.40999	-3.18498	2.25051	
2.40253	-3.19593	2.25406	
2.40084	-3.20766	2.25261	
2.40131	-3.21813	2.25101	
2.40305	-3.23054	2.24641	
2.40535	-3.24235	2.2426	
2.40627	-3.25258	2.24223	
2.40829	-3.26096	2.24373	
2.4132	-3.2692	2.24343	
2.41924	-3.27462	2.24584	
2.42702	-3.28105	2.24599	
2.43324	-3.28725	2.24778	
2.43499	-3.29227	2.25453	
2.43512	-3.29794	2.26193	
2.43169	-3.30127	2.27498	
2.43052	-3.30584	2.28494	
2.42923	-3.3107	2.29456	
2.42627	-3.31661	2.30427	
2.42137	-3.32374	2.31395	
2.41455	-3.3305	2.32568	
2.40643	-3.33696	2.33902	
2.4008	-3.34399	2.34991	
2.39688	-3.35234	2.35811	
2.39308	-3.36249	2.36424	
2.38712	-3.37359	2.37079	
2.37884	-3.38375	2.38051	
2.37054	-3.39322	2.39092	
2.3652	-3.40329	2.3983	
2.363	-3.4142	2.40242	
2.36079	-3.42556	2.40604	
2.35849	-3.43698	2.4099	
2.35673	-3.44892	2.41283	
2.3549	-3.46137	2.41511	
2.35552	-3.47498	2.41399	
2.35845	-3.48931	2.4102	
2.36349	-3.50361	2.40536	
2.36886	-3.51833	2.40013	
2.37365	-3.53368	2.39472	
2.37748	-3.54826	2.3914	
2.3836	-3.56229	2.3874	
2.39138	-3.57677	2.38141	
2.3978	-3.59165	2.37552	
2.40199	-3.60591	2.37176	
2.40252	-3.61947	2.37149	
2.40163	-3.6324	2.37323	
2.40022	-3.64592	2.37453	
2.39928	-3.65963	2.37496	
2.39859	-3.67304	2.37556	
2.39547	-3.68466	2.38043	
2.38972	-3.69503	2.38882	
2.38502	-3.70489	2.39738	
2.38297	-3.71475	2.40415	
2.38318	-3.72354	2.41082	
2.38129	-3.73146	2.42004	
2.37743	-3.7387	2.43107	
2.37218	-3.74649	2.44179	
2.36728	-3.75541	2.45009	
2.36568	-3.76449	2.45552	
2.36627	-3.77326	2.46001	
2.36687	-3.78214	2.46413	
2.36767	-3.79083	2.46815	
2.36726	-3.79923	2.47316	
2.3695	-3.80815	2.4754	
2.37684	-3.81739	2.4737	
2.38552	-3.82614	2.47193	
2.39452	-3.83406	2.4712	
2.40146	-3.8415	2.47235	
2.40777	-3.84943	2.47299	
2.41494	-3.85863	2.47064	
2.42354	-3.86846	2.46607	
2.43262	-3.87715	2.46273	
2.44021	-3.88435	2.46271	
2.44585	-3.89117	2.46455	
2.45029	-3.89886	2.46574	
2.45455	-3.907	2.46616	
2.46103	-3.91484	2.46552	
2.46774	-3.92157	2.46643	
2.47251	-3.92709	2.4704	
2.47491	-3.93258	2.47567	
2.47738	-3.93958	2.47819	
2.4816	-3.947	2.4787	
2.48766	-3.95474	2.47716	
2.49104	-3.96205	2.4777	
2.49361	-3.96811	2.48039	
2.49489	-3.97496	2.48234	
2.49755	-3.98281	2.48167	
2.5045	-3.9904	2.47846	
2.51188	-3.99675	2.47678	
2.51843	-4.00151	2.47796	
2.52356	-4.00643	2.47928	
2.52775	-4.0127	2.47861	
2.53318	-4.02002	2.47496	
2.54136	-4.02651	2.47078	
2.54919	-4.03254	2.46729	
2.55515	-4.03823	2.46512	
2.5601	-4.04548	2.46059	
2.56508	-4.05316	2.45506	
2.57239	-4.06041	2.44871	
2.58084	-4.06662	2.44318	
2.58747	-4.07224	2.43929	
2.59097	-4.07738	2.43764	
2.59026	-4.0834	2.43661	
2.58915	-4.09041	2.43378	
2.58925	-4.09801	2.42892	
2.59032	-4.10504	2.42415	
2.59044	-4.1111	2.42134	
2.58822	-4.11762	2.41881	
2.58667	-4.12595	2.41251	
2.58742	-4.13493	2.40348	
2.59156	-4.1429	2.39406	
2.59581	-4.14879	2.38796	
2.59809	-4.15332	2.38505	
2.59934	-4.15908	2.38031	
2.60129	-4.16665	2.37178	
2.60622	-4.17361	2.36237	
2.61333	-4.17927	2.3537	
2.62052	-4.18428	2.34584	
2.62696	-4.18913	2.33844	
2.63412	-4.19429	2.32988	
2.64134	-4.20037	2.31949	
2.65323	-4.2049	2.30894	
2.6665	-4.20857	2.29893	
2.67884	-4.2119	2.28985	
2.68893	-4.21555	2.28125	
2.6965	-4.22	2.27243	
2.70453	-4.2245	2.26306	
2.71231	-4.22888	2.25382	
2.71844	-4.23225	2.24704	
2.72173	-4.23526	2.24225	
2.72272	-4.23793	2.23919	
2.72161	-4.24188	2.23486	
2.7224	-4.24574	2.22946	
2.72492	-4.24892	2.22408	
2.72628	-4.25126	2.22063	
2.7249	-4.25305	2.21945	
2.72108	-4.25613	2.2172	
2.71932	-4.26054	2.2113	
2.71872	-4.26478	2.20486	
2.71842	-4.26764	2.20048	
2.71763	-4.26991	2.19726	
2.71582	-4.27182	2.19507	
2.71628	-4.27398	2.19102	
2.7207	-4.27634	2.18425	
2.7271	-4.27867	2.17629	
2.73353	-4.28079	2.16852	
2.73896	-4.28221	2.1624	
2.74354	-4.28317	2.15742	
2.74906	-4.284	2.15202	
2.75818	-4.28506	2.14409	
2.76843	-4.28699	2.13392	
2.77775	-4.2887	2.12451	
2.78626	-4.28935	2.11729	
2.79465	-4.28924	2.11131	
2.80485	-4.28871	2.10496	
2.81642	-4.28884	2.09658	
2.82733	-4.29014	2.08644	
2.83619	-4.29173	2.07684	
2.84227	-4.29303	2.06919	
2.84495	-4.29368	2.06449	
2.84545	-4.29443	2.06074	
2.84665	-4.29523	2.05641	
2.84842	-4.29639	2.05106	
2.85007	-4.29802	2.04487	
2.84947	-4.2992	2.0406	
2.84806	-4.29946	2.03826	
2.8474	-4.29961	2.03565	
2.84975	-4.30005	2.03078	
2.85093	-4.30157	2.02463	
2.85033	-4.30368	2.01839	
2.84807	-4.30572	2.01311	
2.84646	-4.30677	2.00909	
2.84504	-4.3071	2.00621	
2.84655	-4.30729	2.0019	
2.85021	-4.30795	1.99552	
2.85475	-4.3084	1.98894	
2.85911	-4.30868	1.98269	
2.86331	-4.30845	1.97736	
2.86825	-4.30807	1.97187	
2.87792	-4.30746	1.96415	
2.88784	-4.30748	1.95518	
2.89612	-4.30791	1.94635	
2.90222	-4.3087	1.93808	
2.90673	-4.30959	1.93049	
2.91132	-4.31065	1.92255	
2.91734	-4.31107	1.91489	
2.92479	-4.31094	1.9074	
2.93121	-4.31066	1.9007	
2.9352	-4.31075	1.89467	
2.9366	-4.31225	1.8876	
2.93591	-4.31367	1.88186	
2.93521	-4.31434	1.87745	
2.93602	-4.31442	1.87325	
2.93553	-4.31491	1.86907	
2.93268	-4.31649	1.86433	
2.92786	-4.3187	1.85958	
2.92314	-4.3201	1.85614	
2.92153	-4.31984	1.85391	
2.92251	-4.31831	1.85247	
2.92346	-4.31701	1.85061	
2.92402	-4.31764	1.84561	
2.92353	-4.31854	1.84075	
2.92328	-4.31936	1.83593	
2.92623	-4.31983	1.82998	
2.93213	-4.31849	1.82565	
2.93817	-4.31778	1.82021	
2.9435	-4.31809	1.8134	
2.94774	-4.31843	1.80717	
2.95275	-4.31792	1.80197	
2.96118	-4.31629	1.79686	
2.9722	-4.31462	1.79044	
2.98288	-4.31301	1.78423	
2.99048	-4.31186	1.77903	
2.99596	-4.31137	1.77392	
2.99926	-4.31114	1.76961	
3.00095	-4.31186	1.76459	
3.00401	-4.31344	1.75736	
3.0071	-4.31528	1.74974	
3.00761	-4.3166	1.74458	
3.00567	-4.31746	1.74164	
2.99959	-4.31897	1.73993	
2.9926	-4.3217	1.73664	
2.98557	-4.32529	1.73192	
2.97748	-4.32867	1.72825	
2.9676	-4.33137	1.72693	
2.95577	-4.3338	1.72726	
2.94357	-4.33673	1.72695	
2.93095	-4.34127	1.72407	
2.92079	-4.34627	1.71907	
2.91494	-4.35082	1.71251	
2.90866	-4.35452	1.70778	
2.90199	-4.35741	1.70476	
2.89631	-4.35998	1.7018	
2.89113	-4.36287	1.69806	
2.88946	-4.3657	1.69255	
2.89085	-4.36797	1.68639	
2.89364	-4.37022	1.67959	
2.89749	-4.37223	1.67268	
2.90184	-4.37419	1.66567	
2.90434	-4.3765	1.65915	
2.90853	-4.37823	1.65281	
2.91636	-4.38017	1.64412	
2.92843	-4.3821	1.63315	
2.94071	-4.38493	1.62052	
2.95141	-4.38683	1.61053	
2.95922	-4.38768	1.60412	
2.96367	-4.38955	1.59784	
2.9668	-4.39254	1.59039	
2.97087	-4.39684	1.58012	
2.97446	-4.40129	1.56992	
2.97648	-4.40499	1.56202	
2.97428	-4.40805	1.55769	
2.96961	-4.41107	1.55491	
2.96332	-4.41534	1.55084	
2.95649	-4.4205	1.54552	
2.9496	-4.42571	1.5402	
2.94067	-4.43047	1.53689	
2.92946	-4.43501	1.53532	
2.91599	-4.43939	1.53533	
2.90196	-4.44473	1.53396	
2.88912	-4.45039	1.53137	
2.87866	-4.45565	1.52821	
2.86757	-4.46037	1.52642	
2.85777	-4.4642	1.52557	
2.8498	-4.46734	1.52502	
2.84369	-4.47055	1.52334	
2.84137	-4.47425	1.51868	
2.84008	-4.47847	1.51252	
2.84032	-4.48268	1.50556	
2.84021	-4.4878	1.49716	
2.84014	-4.49308	1.48846	
2.84016	-4.49765	1.48102	
2.84235	-4.50183	1.47311	
2.84797	-4.50584	1.46362	
2.85651	-4.51067	1.45107	
2.86536	-4.51518	1.43893	
2.8724	-4.51951	1.42815	
2.8774	-4.52376	1.4186	
2.87945	-4.52706	1.41243	
2.88194	-4.53047	1.40581	
2.8863	-4.53393	1.39807	
2.89081	-4.53819	1.38873	
2.8933	-4.54305	1.3794	
2.89279	-4.54762	1.37222	
2.89003	-4.55181	1.36697	
2.88329	-4.55637	1.36316	
2.87553	-4.56126	1.35925	
2.86784	-4.56725	1.35319	
2.85819	-4.57475	1.34531	
2.84683	-4.58207	1.33861	
2.83292	-4.58896	1.33403	
2.81704	-4.59497	1.33205	
2.80202	-4.60041	1.33062	
2.78979	-4.60605	1.32719	
2.77896	-4.61223	1.3219	
2.76851	-4.61823	1.31666	
2.75711	-4.62423	1.31184	
2.7464	-4.6294	1.3081	
2.73708	-4.63426	1.30409	
2.73109	-4.6394	1.29766	
2.72803	-4.64474	1.28919	
2.72441	-4.65054	1.28004	
2.72092	-4.65625	1.27088	
2.71812	-4.66091	1.26323	
2.71588	-4.66466	1.25688	
2.71544	-4.66845	1.2494	
2.71852	-4.67262	1.23925	
2.72398	-4.67709	1.22713	
2.72838	-4.68141	1.21577	
2.73208	-4.68618	1.20378	
2.73447	-4.69131	1.19169	
2.73364	-4.69591	1.18217	
2.73025	-4.69995	1.1749	
2.72843	-4.70354	1.16756	
2.72914	-4.70725	1.15849	
2.72891	-4.71216	1.14744	
2.72616	-4.71761	1.13652	
2.71796	-4.72336	1.12771	
2.70687	-4.72783	1.12265	
2.69428	-4.73268	1.11742	
2.68186	-4.73831	1.11043	
2.67008	-4.74509	1.10066	
2.65488	-4.7519	1.09234	
2.63957	-4.75755	1.08603	
2.62365	-4.76136	1.08329	
2.60681	-4.76576	1.07962	
2.59167	-4.7712	1.07285	
2.57731	-4.77734	1.06413	
2.56492	-4.78291	1.05523	
2.55187	-4.7877	1.04787	
2.53901	-4.79215	1.04086	
2.52703	-4.79657	1.03326	
2.51871	-4.80111	1.02333	
2.51525	-4.80536	1.0112	
2.51401	-4.80827	1.00039	
2.51295	-4.81164	0.988341	
2.5116	-4.81554	0.975256	
2.50995	-4.81906	0.962848	
2.50766	-4.82226	0.95112	
2.50625	-4.82558	0.93856	
2.508	-4.82857	0.924855	
2.51235	-4.83167	0.909403	
2.51709	-4.83501	0.892916	
2.5215	-4.83739	0.878231	
2.52247	-4.83944	0.865632	
2.52119	-4.8415	0.85384	
2.51675	-4.84517	0.840076	
2.51065	-4.85017	0.824188	
2.50662	-4.85446	0.808459	
2.50191	-4.8582	0.79386	
2.49461	-4.86097	0.782131	
2.48397	-4.86339	0.772299	
2.46981	-4.86704	0.761273	
2.45188	-4.87222	0.7486	
2.43363	-4.87705	0.736471	
2.4163	-4.88077	0.725896	
2.39893	-4.88362	0.716834	
2.37903	-4.88621	0.709163	
2.35839	-4.88907	0.700883	
2.33626	-4.89265	0.6914	
2.31577	-4.89589	0.681253	
2.30014	-4.89839	0.66976	
2.28726	-4.90017	0.658037	
2.27509	-4.9016	0.646407	
2.26176	-4.90396	0.633202	
2.24756	-4.90636	0.61991	
2.23354	-4.90867	0.606342	
2.22252	-4.91059	0.591761	
2.21764	-4.91159	0.575998	
2.21622	-4.91111	0.56169	
2.21636	-4.90981	0.547933	
2.21792	-4.90832	0.533365	
2.21948	-4.90776	0.516565	
2.21912	-4.9077	0.499235	
2.21729	-4.90767	0.482516	
2.21743	-4.90649	0.466994	
2.22249	-4.90368	0.452351	
2.23021	-4.9007	0.436639	
2.23614	-4.89832	0.420105	
2.24071	-4.89641	0.402609	
2.24333	-4.8951	0.384002	
2.24259	-4.89349	0.366944	
2.23838	-4.89164	0.351532	
2.22966	-4.88894	0.339611	
2.21962	-4.88601	0.32863	
2.20862	-4.88339	0.317215	
2.19459	-4.88177	0.304832	
2.1777	-4.88047	0.292606	
2.1575	-4.87888	0.281593	
2.13359	-4.87629	0.273528	
2.10682	-4.87342	0.267025	
2.08105	-4.87014	0.260561	
2.05745	-4.86753	0.251484	
2.03398	-4.86513	0.241475	
2.00863	-4.86354	0.229989	
1.98366	-4.8612	0.219498	
1.95729	-4.85814	0.211192	
1.93287	-4.8539	0.204098	
1.91353	-4.84917	0.195843	
1.89847	-4.84421	0.185512	
1.88557	-4.83893	0.174081	
1.87341	-4.83317	0.162402	
1.86116	-4.82702	0.151444	
1.85025	-4.8204	0.140898	
1.84	-4.81371	0.130545	
1.83394	-4.80714	0.117881	
1.83256	-4.80142	0.101303	
1.83408	-4.79531	0.0841993	
1.83622	-4.78959	0.0660795	
1.83936	-4.78305	0.0484833	
1.84349	-4.77572	0.031474	
1.84776	-4.76716	0.0162281	
1.85086	-4.75799	0.00226651	
1.85244	-4.74926	-0.0119621	
1.85537	-4.74115	-0.0279653	
1.86055	-4.73345	-0.0458097	
1.86818	-4.72489	-0.062523	
1.87393	-4.71495	-0.0758656	
1.87797	-4.70433	-0.0873213	
1.87876	-4.69392	-0.0979935	
1.87431	-4.68473	-0.11018	
1.8663	-4.6764	-0.124144	
1.8521	-4.66809	-0.136862	
1.8339	-4.65884	-0.146526	
1.81298	-4.64837	-0.152402	
1.78968	-4.63838	-0.157191	
1.76453	-4.62943	-0.163179	
1.73622	-4.62159	-0.170356	
1.70377	-4.61371	-0.176656	
1.66984	-4.60608	-0.183796	
1.6359	-4.59769	-0.189619	
1.60672	-4.58848	-0.195689	
1.58109	-4.57865	-0.201945	
1.55691	-4.56877	-0.209738	
1.53206	-4.55921	-0.218611	
1.50737	-4.54952	-0.228449	
1.4833	-4.53886	-0.237154	
1.46163	-4.52786	-0.246501	
1.44486	-4.51613	-0.256076	
1.43346	-4.50336	-0.264865	
1.42486	-4.49001	-0.273684	
1.41649	-4.47646	-0.282292	
1.40934	-4.46301	-0.291982	
1.40294	-4.44941	-0.302884	
1.39808	-4.43536	-0.314742	
1.39484	-4.42054	-0.326337	
1.39194	-4.40471	-0.336185	
1.39306	-4.3886	-0.345975	
1.39796	-4.37282	-0.356862	
1.40699	-4.358	-0.370333	
1.41796	-4.34375	-0.384925	
1.4298	-4.32942	-0.39943	
1.44251	-4.31443	-0.412205	
1.45369	-4.29889	-0.422438	
1.46418	-4.28284	-0.430871	
1.47374	-4.26691	-0.439031	
1.48161	-4.25105	-0.447469	
1.48549	-4.23562	-0.456517	
1.48643	-4.22029	-0.465527	
1.48344	-4.20473	-0.472607	
1.47954	-4.18891	-0.478148	
1.47497	-4.17266	-0.481318	
1.46818	-4.15637	-0.482598	
1.4579	-4.14047	-0.482584	
1.44266	-4.12475	-0.482188	
1.42383	-4.10939	-0.481838	
1.40059	-4.09414	-0.479541	
1.37294	-4.07911	-0.476118	
1.34318	-4.06404	-0.472451	
1.31073	-4.0493	-0.46947	
1.27971	-4.03522	-0.468843	
1.25175	-4.02211	-0.473296	
1.22402	-4.01021	-0.482056	
1.19669	-3.99894	-0.493041	
1.16865	-3.98809	-0.505491	
1.14067	-3.97824	-0.519745	
1.11312	-3.96806	-0.5337	
1.08878	-3.95724	-0.546848	
1.07005	-3.94639	-0.561702	
1.05717	-3.93634	-0.580682	
1.04717	-3.92638	-0.60165	
1.0388	-3.91584	-0.622755	
1.03171	-3.90399	-0.642272	
1.02544	-3.89117	-0.660927	
1.02004	-3.87789	-0.679184	
1.01525	-3.86405	-0.697485	
1.01123	-3.84963	-0.716077	
1.0088	-3.83444	-0.734448	
1.00904	-3.81884	-0.752298	
1.01441	-3.803	-0.76978	
1.02373	-3.78707	-0.786907	
1.03539	-3.77089	-0.801391	
1.04891	-3.75494	-0.814327	
1.06229	-3.73891	-0.824193	
1.07461	-3.72292	-0.83262	
1.08652	-3.7072	-0.841026	
1.09625	-3.69221	-0.849334	
1.10508	-3.67815	-0.858344	
1.1124	-3.66339	-0.86502	
1.11666	-3.64848	-0.869143	
1.11785	-3.63298	-0.870786	
1.11511	-3.61696	-0.869134	
1.10783	-3.60135	-0.867784	
1.09638	-3.58558	-0.865816	
1.08166	-3.56892	-0.862386	
1.06564	-3.55184	-0.857769	
1.05033	-3.53458	-0.852419	
1.03723	-3.5172	-0.846303	
1.02373	-3.50074	-0.840353	
1.01018	-3.48451	-0.833632	
0.995286	-3.46867	-0.827267	
0.979854	-3.45435	-0.824537	
0.963418	-3.44063	-0.823943	
0.946526	-3.42752	-0.825302	
0.930709	-3.41436	-0.827581	
0.913727	-3.40076	-0.830146	
0.896887	-3.38719	-0.833436	
0.881132	-3.37394	-0.838279	
0.869255	-3.36046	-0.845622	
0.861495	-3.34729	-0.854774	
0.858543	-3.3341	-0.866607	
0.859143	-3.32132	-0.880781	
0.861794	-3.30756	-0.894599	
0.86559	-3.29303	-0.908587	
0.870365	-3.27894	-0.924012	
0.873758	-3.26585	-0.940575	
0.877103	-3.25371	-0.958476	
0.878992	-3.24145	-0.97472	
0.879586	-3.22883	-0.989877	
0.879093	-3.21703	-1.00423	
0.876466	-3.20594	-1.01915	
0.871314	-3.19519	-1.03366	
0.863012	-3.18558	-1.04834	
0.851779	-3.17616	-1.06135	
0.837339	-3.16699	-1.073	
0.820621	-3.15844	-1.08374	
0.80443	-3.14992	-1.09403	
0.790115	-3.14177	-1.10325	
0.77772	-3.13326	-1.11097	
0.765928	-3.12519	-1.11857	
0.755084	-3.11681	-1.12649	
0.744511	-3.10832	-1.13409	
0.732718	-3.09942	-1.14031	
0.720144	-3.08962	-1.1448	
0.706257	-3.07905	-1.14645	
0.692597	-3.06786	-1.14836	
0.677488	-3.05648	-1.14891	
0.662845	-3.04438	-1.14869	
0.647353	-3.03267	-1.14847	
0.630964	-3.02126	-1.14921	
0.615617	-3.01011	-1.14971	
0.600686	-2.99905	-1.14889	
0.589047	-2.9877	-1.14758	
0.581714	-2.9765	-1.14652	
0.577735	-2.96598	-1.14643	
0.576687	-2.95559	-1.14776	
0.578145	-2.94582	-1.15005	
0.581464	-2.93532	-1.15253	
0.586575	-2.92492	-1.15501	
0.591783	-2.9143	-1.15751	
0.597452	-2.9037	-1.16082	
0.602762	-2.89341	-1.16469	
0.608417	-2.88291	-1.16926	
0.613961	-2.87268	-1.17425	
0.618399	-2.86244	-1.17905	
0.621591	-2.85211	-1.18271	
0.623448	-2.84302	-1.18817	
0.623447	-2.8334	-1.19251	
0.62099	-2.82429	-1.19747	
0.617847	-2.81496	-1.20276	
0.61205	-2.80521	-1.20716	
0.605684	-2.79438	-1.21007	
0.596366	-2.78339	-1.21261	
0.585662	-2.7716	-1.2144	
0.572824	-2.75997	-1.21641	
0.558027	-2.74789	-1.2181	
0.541999	-2.735	-1.21981	
0.525904	-2.72218	-1.22043	
0.51239	-2.70883	-1.22139	
0.501325	-2.6961	-1.22205	
0.493708	-2.68446	-1.22435	
0.487855	-2.67382	-1.22662	
0.484302	-2.66392	-1.2288	
0.481595	-2.65476	-1.23111	
0.479622	-2.64644	-1.23308	
0.478104	-2.63865	-1.23518	
0.476591	-2.63132	-1.23686	
0.47594	-2.62368	-1.23791	
0.474791	-2.61687	-1.2393	
0.474241	-2.61035	-1.24068	
0.473228	-2.60441	-1.24334	
0.472082	-2.59839	-1.24664	
0.472711	-2.59243	-1.25111	
0.473014	-2.58682	-1.25577	
0.473974	-2.58138	-1.26087	
0.475281	-2.57633	-1.2675	
0.476049	-2.57109	-1.27466	
0.476191	-2.56651	-1.28245	
0.476216	-2.5618	-1.29083	
0.474573	-2.55677	-1.29815	
0.471862	-2.55127	-1.30403	
0.467204	-2.54545	-1.30841	
0.461223	-2.53971	-1.31187	
0.453992	-2.53344	-1.31407	
0.444178	-2.52704	-1.31585	
0.432916	-2.52055	-1.31666	
0.419729	-2.51361	-1.31682	
0.405204	-2.50666	-1.3162	
0.390798	-2.49994	-1.31627	
0.376332	-2.49347	-1.31689	
0.36316	-2.4873	-1.31802	
0.353116	-2.48138	-1.31989	
0.34598	-2.4761	-1.32204	
0.342278	-2.47048	-1.32452	
0.341714	-2.46523	-1.32701	
0.344195	-2.46007	-1.33071	
0.348503	-2.45522	-1.33396	
0.354807	-2.45007	-1.33775	
0.362962	-2.44472	-1.34184	
0.3719	-2.4389	-1.34611	
0.380817	-2.43307	-1.35065	
0.389751	-2.42673	-1.35504	
0.398287	-2.41985	-1.35832	
0.407033	-2.41284	-1.36182	
0.415935	-2.40494	-1.36401	
0.424798	-2.3964	-1.36575	
0.433865	-2.38798	-1.36828	
0.442514	-2.3791	-1.36982	
0.450233	-2.37007	-1.3704	
0.457535	-2.36118	-1.37089	
0.462792	-2.35295	-1.37089	
0.466996	-2.34517	-1.37086	
0.468919	-2.33847	-1.37116	
0.469138	-2.33214	-1.3712	
0.467222	-2.32679	-1.37173	
0.462773	-2.3226	-1.37197	
0.456632	-2.31943	-1.37281	
0.447675	-2.31707	-1.37281	
0.436721	-2.31553	-1.37208	
0.423872	-2.31441	-1.37106	
0.410157	-2.31341	-1.36917	
0.394783	-2.31255	-1.36622	
0.378393	-2.31185	-1.36291	
0.36181	-2.31095	-1.35944	
0.345617	-2.30984	-1.35599	
0.328929	-2.30815	-1.35141	
0.31245	-2.30645	-1.34736	
0.297779	-2.30443	-1.34303	
0.284321	-2.30223	-1.339	
0.272168	-2.30014	-1.33576	
0.261642	-2.29784	-1.33344	
0.251459	-2.29541	-1.33159	
0.242967	-2.29279	-1.33029	
0.23447	-2.2903	-1.32971	
0.225655	-2.28764	-1.3291	
0.217504	-2.28484	-1.32912	
0.209363	-2.28175	-1.3294	
0.201919	-2.27881	-1.32959	
0.195221	-2.27526	-1.33043	
0.188237	-2.27192	-1.3306	
0.18256	-2.26832	-1.33137	
0.178255	-2.2645	-1.33206	
0.174623	-2.26101	-1.33295	
0.173541	-2.25657	-1.33334	
0.173743	-2.25287	-1.33429	
0.176351	-2.24869	-1.33547	
0.180457	-2.24519	-1.33763	
0.184873	-2.24145	-1.33946	
0.188623	-2.23783	-1.34109	
0.192428	-2.23363	-1.34297	
0.196115	-2.23012	-1.34541	
0.19999	-2.22628	-1.34779	
0.20348	-2.22295	-1.35018	
0.206753	-2.21984	-1.35329	
0.210159	-2.21696	-1.35664	
0.213368	-2.21433	-1.35992	
0.216594	-2.21162	-1.36328	
0.219396	-2.20919	-1.36594	
0.222103	-2.20681	-1.36845	
0.224502	-2.2045	-1.371	
0.22665	-2.20269	-1.37325	
0.228501	-2.2012	-1.37548	
0.230432	-2.19951	-1.37756	
0.232078	-2.19822	-1.37967	
0.233312	-2.19705	-1.38158	
0.234398	-2.19635	-1.38343	
0.235283	-2.19576	-1.38493	
0.236073	-2.1953	-1.38639	
0.236859	-2.19483	-1.38788	
0.23756	-2.1945	-1.38944	
0.238269	-2.19418	-1.39103	
0.238893	-2.19405	-1.39274	
0.239274	-2.19379	-1.39408	
0.239897	-2.19362	-1.39578	
0.240404	-2.19354	-1.39729	
0.240925	-2.19352	-1.39894	
0.241422	-2.19338	-1.40026	
0.242014	-2.19309	-1.40164	
0.242504	-2.19291	-1.40297	
0.243077	-2.19254	-1.40416	
0.243702	-2.19189	-1.40492	
0.244328	-2.19123	-1.40568	
0.245157	-2.1902	-1.40643	
0.24615	-2.18896	-1.40718	
0.247151	-2.18771	-1.40796	
0.248232	-2.18633	-1.40861	
0.24931	-2.18491	-1.40924	
0.25047	-2.18333	-1.40976	
0.251651	-2.18178	-1.41045	
0.25281	-2.18021	-1.41097	
0.253986	-2.1787	-1.41167	
0.254965	-2.17745	-1.41225	
0.255828	-2.17605	-1.41288	
0.257019	-2.1746	-1.41373	
0.258115	-2.17329	-1.41454	
0.259196	-2.1719	-1.41519	
0.260197	-2.17072	-1.41595	
0.261177	-2.16947	-1.41656	
0.262084	-2.16839	-1.41734	
0.263177	-2.16706	-1.41809	
0.264141	-2.16574	-1.41852	
0.264926	-2.16477	-1.41904	
0.265626	-2.16386	-1.4195	
0.266215	-2.16315	-1.41993	
0.26681	-2.16239	-1.42036	
0.267295	-2.16173	-1.42058	
0.267795	-2.16113	-1.42095	
0.268075	-2.16046	-1.42115	
0.268671	-2.15974	-1.42158	
0.269171	-2.15914	-1.42196	
0.269664	-2.15855	-1.42233	
0.27036	-2.15769	-1.42281	
0.270878	-2.15717	-1.42337	
0.271396	-2.15662	-1.424	
0.272098	-2.15585	-1.42455	
0.272503	-2.15538	-1.42488	
0.273115	-2.15472	-1.42549	
0.273625	-2.1542	-1.42603	
0.273807	-2.15379	-1.42652	
0.274306	-2.1532	-1.42689	
0.274821	-2.15267	-1.42744	
0.275224	-2.15219	-1.42787	
0.275818	-2.15147	-1.42828	
0.27632	-2.15087	-1.42867	
0.277016	-2.15001	-1.42915	
0.27761	-2.14928	-1.42957	
0.27811	-2.14869	-1.42996	
0.278705	-2.14796	-1.43038	
0.279203	-2.14736	-1.43075	
0.279698	-2.14678	-1.43114	
0.2803	-2.14604	-1.43158	
0.280594	-2.14544	-1.43195	
0.281188	-2.14473	-1.4323	
0.281686	-2.14413	-1.43268	
0.282188	-2.14354	-1.43307	
0.282767	-2.14277	-1.43332	
0.283259	-2.14218	-1.43368	
0.283649	-2.14165	-1.43386	
0.284151	-2.14105	-1.43426	
0.284296	-2.14052	-1.4344	
0.284681	-2.13999	-1.43457	
0.284986	-2.13966	-1.43488	
0.285364	-2.1391	-1.4349	
0.285747	-2.13857	-1.43508	
0.286037	-2.13818	-1.43521	
0.286427	-2.13764	-1.43539	
0.286926	-2.13704	-1.43576	
0.287104	-2.1365	-1.43591	
0.28751	-2.13604	-1.43626	
0.287994	-2.13538	-1.43648	
0.288388	-2.13493	-1.43682	
0.288778	-2.13442	-1.43698	
0.289185	-2.13396	-1.43733	
0.289489	-2.13362	-1.43762	
0.289888	-2.13317	-1.43796	
0.290194	-2.13284	-1.43827	
0.290505	-2.1325	-1.43856	
0.290882	-2.13198	-1.43873	
0.291194	-2.13164	-1.43903	
0.291578	-2.13112	-1.43921	
0.291869	-2.13076	-1.43934	
0.292067	-2.13047	-1.43951	
0.292549	-2.12982	-1.43965	
0.292839	-2.12943	-1.43978	
0.293016	-2.12896	-1.4401	
0.293406	-2.12842	-1.44028	
0.293604	-2.12814	-1.44045	
0.294193	-2.12742	-1.44077	
0.294583	-2.12688	-1.44095	
0.29496	-2.12636	-1.44112	
0.295366	-2.1259	-1.44147	
0.295751	-2.12537	-1.44164	
0.296157	-2.12491	-1.44199	
0.296547	-2.12437	-1.44217	
0.296751	-2.12417	-1.44241	
0.297043	-2.12382	-1.44256	
0.297345	-2.12345	-1.44284	
0.297637	-2.12309	-1.443	
0.297927	-2.1227	-1.44313	
0.298122	-2.12243	-1.44322	
0.298219	-2.12208	-1.44348	
0.298414	-2.12181	-1.44357	
0.298619	-2.12162	-1.44382	
0.298915	-2.12122	-1.44396	
0.299104	-2.12096	-1.44405	
0.299399	-2.12055	-1.44418	
0.299602	-2.12036	-1.44442	
0.299798	-2.12009	-1.44451	
0.299987	-2.11983	-1.44459	
0.300204	-2.11962	-1.44486	
0.300501	-2.1193	-1.44514	
0.300703	-2.11902	-1.44523	
0.300908	-2.11883	-1.44549	
0.301112	-2.11864	-1.44575	
0.301425	-2.1183	-1.44606	
0.301629	-2.11811	-1.44631	
0.301933	-2.11778	-1.4466	
0.301905	-2.11756	-1.44682	
0.302304	-2.1171	-1.44716	
0.3026	-2.1167	-1.4473	
0.302803	-2.1165	-1.44754	
0.303099	-2.11609	-1.44767	
0.303303	-2.1159	-1.44793	
0.303499	-2.11564	-1.44802	
0.303804	-2.11531	-1.44832	
0.303999	-2.11504	-1.44841	
0.304303	-2.1147	-1.4487	
0.304398	-2.11457	-1.44874	
0.304703	-2.11425	-1.44905	
0.304998	-2.11384	-1.44918	
0.305109	-2.11378	-1.4494	
0.305297	-2.11352	-1.44948	
0.305507	-2.11332	-1.44972	
0.305607	-2.11318	-1.44977	
0.305716	-2.11311	-1.44997	
0.305811	-2.11298	-1.45001	
0.305928	-2.11291	-1.45023	
0.306133	-2.11272	-1.45049	
0.306133	-2.11272	-1.45049	
0.306327	-2.11245	-1.45058	
0.306342	-2.11252	-1.45073	
0.306537	-2.11225	-1.45082	
0.306742	-2.11206	-1.45108	
0.306936	-2.11179	-1.45117	
0.307148	-2.11159	-1.45143	
0.307337	-2.11133	-1.45152	
0.307538	-2.11106	-1.45161	
0.307837	-2.11074	-1.45191	
0.307937	-2.1106	-1.45195	
0.308241	-2.11026	-1.45224	
0.30853	-2.10987	-1.45237	
0.308642	-2.10978	-1.45265	
0.309029	-2.10926	-1.45275	
0.309027	-2.10906	-1.45298	
0.309229	-2.10878	-1.45307	
0.309526	-2.10845	-1.45336	
0.309721	-2.10819	-1.45345	
0.309916	-2.10792	-1.45353	
0.310121	-2.10773	-1.45379	
0.310222	-2.10759	-1.45384	
0.31041	-2.10733	-1.45393	
0.310511	-2.10719	-1.45397	
0.310705	-2.10693	-1.45406	
0.310816	-2.10686	-1.45428	
0.31091	-2.10673	-1.45432	
0.311005	-2.1066	-1.45436	
0.311091	-2.10643	-1.45424	
0.3113	-2.1062	-1.4545	
0.311395	-2.10607	-1.45454	
0.3116	-2.10588	-1.4548	
0.311706	-2.10573	-1.45485	
0.311895	-2.10547	-1.45493	
0.311895	-2.10547	-1.45493	
0.312083	-2.10524	-1.455	
0.312198	-2.10514	-1.45522	
0.312295	-2.10504	-1.45527	
0.312504	-2.10481	-1.45552	
0.312685	-2.1045	-1.45544	
0.312793	-2.10441	-1.45565	
0.313068	-2.10398	-1.45562	
0.313197	-2.10394	-1.45599	
0.313372	-2.10364	-1.45591	
0.313581	-2.10341	-1.45616	
0.313667	-2.10324	-1.45604	
0.313965	-2.10288	-1.45634	
0.314065	-2.10274	-1.45638	
0.314274	-2.10254	-1.45663	
0.314463	-2.10228	-1.45671	
0.314327	-2.10209	-1.45657	
0.314516	-2.10183	-1.45665	
0.314616	-2.10169	-1.4567	
0.314827	-2.10149	-1.45696	
0.315016	-2.10123	-1.45704	
0.31511	-2.1011	-1.45709	
0.315327	-2.1009	-1.45735	
0.315422	-2.10077	-1.45739	
0.315611	-2.10051	-1.45748	
0.31572	-2.10045	-1.45769	
0.315821	-2.10031	-1.45774	
0.315922	-2.10017	-1.45779	
0.31611	-2.09991	-1.45787	
0.31622	-2.09985	-1.45809	
0.316322	-2.09971	-1.45814	
0.316416	-2.09958	-1.45818	
0.316416	-2.09958	-1.45818	
0.316626	-2.09937	-1.45842	
0.316719	-2.09924	-1.45846	
0.316914	-2.09898	-1.45855	
0.317009	-2.09885	-1.4586	
0.316896	-2.0987	-1.45861	
0.317013	-2.09864	-1.45883	
0.317113	-2.0985	-1.45888	
0.317208	-2.09837	-1.45892	
0.317316	-2.0983	-1.45912	
0.317411	-2.09817	-1.45916	
0.317627	-2.09795	-1.45941	
0.317721	-2.09782	-1.45945	
0.317721	-2.09782	-1.45945	
0.317925	-2.09763	-1.45971	
0.318121	-2.09736	-1.4598	
0.318221	-2.09723	-1.45985	
0.31852	-2.09691	-1.46015	
0.318715	-2.09664	-1.46024	
0.318825	-2.09658	-1.46045	
0.318922	-2.09639	-1.46027	
0.318929	-2.09642	-1.46058	
0.319117	-2.09612	-1.46036	
0.31908	-2.09591	-1.46058	
0.319174	-2.09578	-1.46062	
0.319275	-2.09564	-1.46067	
0.319275	-2.09564	-1.46067	
0.319391	-2.09557	-1.46088	
0.31958	-2.09531	-1.46097	
0.31958	-2.09531	-1.46097	
0.319791	-2.09511	-1.46123	
0.319791	-2.09511	-1.46123	
0.319986	-2.09484	-1.46132	
0.32008	-2.09471	-1.46136	
0.320187	-2.09464	-1.46154	
0.320382	-2.09437	-1.46163	
0.320476	-2.09424	-1.46167	
0.320581	-2.09415	-1.46195	
0.320787	-2.0939	-1.46198	
0.320882	-2.09377	-1.46202	
0.320976	-2.09364	-1.46207	
0.320967	-2.09336	-1.46213	
0.321087	-2.09334	-1.46258	
0.321084	-2.09329	-1.46235	
0.321178	-2.09316	-1.4624	
0.321288	-2.0931	-1.46261	
0.321477	-2.09284	-1.4627	
0.321477	-2.09284	-1.4627	
0.321583	-2.0927	-1.46274	
0.321693	-2.09263	-1.46294	
0.321787	-2.0925	-1.46299	
0.321881	-2.09237	-1.46303	
0.3219	-2.09242	-1.46328	
0.322092	-2.09217	-1.46329	
0.322186	-2.09204	-1.46333	
0.322186	-2.09204	-1.46333	
0.322287	-2.0919	-1.46338	
0.322303	-2.09197	-1.46355	
0.322397	-2.09184	-1.46359	
0.322397	-2.09184	-1.46359	
0.322251	-2.09169	-1.46361	
0.322368	-2.09163	-1.46383	
0.322462	-2.0915	-1.46387	
0.32256	-2.09141	-1.46414	
0.322557	-2.09137	-1.46392	
0.322657	-2.09123	-1.46396	
0.322751	-2.0911	-1.464	
0.322865	-2.09101	-1.46419	
0.323053	-2.09075	-1.46427	
0.323147	-2.09062	-1.46432	
0.323242	-2.09049	-1.46436	
0.323365	-2.09042	-1.46458	
0.323459	-2.09029	-1.46462	
0.323554	-2.09016	-1.46467	
0.323664	-2.09009	-1.46488	
0.323757	-2.08997	-1.46492	
0.323757	-2.08997	-1.46492	
0.323959	-2.08969	-1.46502	
0.324053	-2.08956	-1.46506	
0.324162	-2.08949	-1.46526	
0.324357	-2.08922	-1.46535	
0.324451	-2.08909	-1.46539	
0.324551	-2.08895	-1.46544	
0.32474	-2.08869	-1.46552	
0.324756	-2.08876	-1.4657	
0.324856	-2.08862	-1.46574	
0.324747	-2.08848	-1.46576	
0.324857	-2.08842	-1.46597	
0.324857	-2.08842	-1.46597	
0.324951	-2.08829	-1.46602	
0.324951	-2.08829	-1.46602	
0.325052	-2.08815	-1.46606	
0.325068	-2.08822	-1.46624	
0.325068	-2.08822	-1.46624	
0.325068	-2.08822	-1.46624	
0.325183	-2.08814	-1.46644	
0.325183	-2.08814	-1.46644	
0.325183	-2.08814	-1.46644	
0.325277	-2.08801	-1.46648	
0.3252	-2.08819	-1.46667	
0.325386	-2.08795	-1.46668	
0.32548	-2.08782	-1.46672	
0.32548	-2.08782	-1.46672	
0.325597	-2.08775	-1.46694	
0.325697	-2.08761	-1.46699	
0.325697	-2.08761	-1.46699	
0.325792	-2.08748	-1.46703	
0.325886	-2.08735	-1.46707	
0.32598	-2.08722	-1.46712	
0.326096	-2.08714	-1.46732	
0.326096	-2.08714	-1.46732	
0.32629	-2.08687	-1.46741	
0.326306	-2.08694	-1.46758	
0.326401	-2.08681	-1.46762	
0.326401	-2.08681	-1.46762	
0.326494	-2.08668	-1.46766	
0.326611	-2.08661	-1.46788	
0.326611	-2.08661	-1.46788	
0.326706	-2.08648	-1.46793	
0.326722	-2.08655	-1.4681	
0.326816	-2.08642	-1.46814	
0.326816	-2.08642	-1.46814	
0.326911	-2.08629	-1.46819	
0.326911	-2.08629	-1.46819	
0.327026	-2.08622	-1.46839	
0.327026	-2.08622	-1.46839	
0.327119	-2.08609	-1.46843	
0.32722	-2.08595	-1.46848	
0.32722	-2.08595	-1.46848	
0.327331	-2.08589	-1.46869	
0.327331	-2.08589	-1.46869	
0.327333	-2.08587	-1.46877	
0.327519	-2.08563	-1.46878	
0.327519	-2.08563	-1.46878	
0.327619	-2.08549	-1.46882	
0.327619	-2.08549	-1.46882	
0.327735	-2.08541	-1.46903	
0.327735	-2.08541	-1.46903	
0.327829	-2.08528	-1.46907	
0.327604	-2.08527	-1.46904	
0.327698	-2.08514	-1.46909	
0.327698	-2.08514	-1.46909	
0.327908	-2.08493	-1.46933	
0.327908	-2.08493	-1.46933	
0.327908	-2.08493	-1.46933	
0.328008	-2.08479	-1.46937	
0.328008	-2.08479	-1.46937	
0.328102	-2.08466	-1.46942	
0.328102	-2.08466	-1.46942	
0.328102	-2.08466	-1.46942	
0.328213	-2.0846	-1.46963	
0.328213	-2.0846	-1.46963	
0.328213	-2.0846	-1.46963	
0.328307	-2.08447	-1.46967	
0.328307	-2.08447	-1.46967	
0.328407	-2.08433	-1.46972	
0.328407	-2.08433	-1.46972	
0.328502	-2.0842	-1.46976	
0.328612	-2.08414	-1.46998	
0.328612	-2.08414	-1.46998	
0.328712	-2.084	-1.47003	
0.328807	-2.08387	-1.47007	
0.328807	-2.08387	-1.47007	
0.328908	-2.08373	-1.47012	
0.329001	-2.0836	-1.47016	
0.32891	-2.08372	-1.4702	
0.329096	-2.08347	-1.4702	
0.329206	-2.08341	-1.47042	
0.329306	-2.08327	-1.47046	
0.329407	-2.08313	-1.47051	
0.329502	-2.083	-1.47055	
0.329502	-2.083	-1.47055	
0.329596	-2.08287	-1.4706	
0.329596	-2.08287	-1.4706	
0.329705	-2.08281	-1.4708	
0.329799	-2.08268	-1.47084	
0.329799	-2.08268	-1.47084	
0.329899	-2.08254	-1.47088	
0.329899	-2.08254	-1.47088	
0.330016	-2.08247	-1.4711	
0.330016	-2.08247	-1.4711	
0.33011	-2.08234	-1.47115	
0.330204	-2.08221	-1.47119	
0.330204	-2.08221	-1.47119	
0.330299	-2.08208	-1.47123	
0.330416	-2.08201	-1.47145	
0.330509	-2.08188	-1.47149	
0.33061	-2.08174	-1.47154	
0.330705	-2.08161	-1.47158	
0.330798	-2.08148	-1.47162	
0.330913	-2.0814	-1.47183	
0.331008	-2.08127	-1.47187	
0.331102	-2.08114	-1.47191	
0.331217	-2.08107	-1.47211	
0.330995	-2.08105	-1.47209	
0.330997	-2.08104	-1.47217	
0.331089	-2.08092	-1.47213	
0.33119	-2.08078	-1.47218	
0.331206	-2.08085	-1.47235	
0.331206	-2.08085	-1.47235	
0.3313	-2.08072	-1.47239	
0.3313	-2.08072	-1.47239	
0.331208	-2.08084	-1.47243	
0.33141	-2.08066	-1.47261	
0.33141	-2.08066	-1.47261	
0.331504	-2.08053	-1.47265	
0.331504	-2.08053	-1.47265	
0.331605	-2.08039	-1.4727	
0.331619	-2.08045	-1.47285	
0.331619	-2.08045	-1.47285	
0.331619	-2.08045	-1.47285	
0.33172	-2.08032	-1.4729	
0.331736	-2.08038	-1.47307	
0.331736	-2.08038	-1.47307	
0.33183	-2.08025	-1.47311	
0.331607	-2.08024	-1.47309	
0.331718	-2.08018	-1.4733	
0.331718	-2.08018	-1.4733	
0.331626	-2.0803	-1.47334	
0.331812	-2.08005	-1.47335	
0.33172	-2.08017	-1.47338	
0.331923	-2.07999	-1.47356	
0.331831	-2.0801	-1.4736	
0.332023	-2.07985	-1.47361	
0.332023	-2.07985	-1.47361	
0.332124	-2.07971	-1.47365	
0.332046	-2.07989	-1.47384	
0.332232	-2.07964	-1.47385	
0.33214	-2.07976	-1.47389	
0.332232	-2.07964	-1.47385	
0.332232	-2.07964	-1.47385	
0.332327	-2.07951	-1.47389	
0.332341	-2.07958	-1.47405	
0.332435	-2.07945	-1.47409	
0.332435	-2.07945	-1.47409	
0.332535	-2.07931	-1.47414	
0.332535	-2.07931	-1.47414	
0.332538	-2.07929	-1.47422	
0.33263	-2.07918	-1.47418	
0.332554	-2.07936	-1.47439	
0.332747	-2.07911	-1.4744	
0.332634	-2.07896	-1.47442	
0.332542	-2.07908	-1.47446	
0.332634	-2.07896	-1.47442	
0.332542	-2.07908	-1.47446	
0.332743	-2.0789	-1.47462	
0.332743	-2.0789	-1.47462	
0.332752	-2.07887	-1.4747	
0.332844	-2.07876	-1.47466	
0.332846	-2.07874	-1.47474	
0.332937	-2.07863	-1.47471	
0.332953	-2.0787	-1.47488	
0.332862	-2.07881	-1.47492	
0.332956	-2.07868	-1.47496	
0.333048	-2.07857	-1.47492	
0.33305	-2.07855	-1.475	
0.333142	-2.07844	-1.47497	
0.33305	-2.07855	-1.475	
0.333259	-2.07837	-1.47519	
0.333259	-2.07837	-1.47519	
0.333267	-2.07834	-1.47527	
0.333359	-2.07823	-1.47523	
0.333359	-2.07823	-1.47523	
0.333454	-2.0781	-1.47527	
0.33347	-2.07817	-1.47545	
0.33347	-2.07817	-1.47545	
0.333378	-2.07828	-1.47548	
0.333472	-2.07815	-1.47553	
0.333472	-2.07815	-1.47553	
0.333658	-2.07791	-1.47553	
0.333667	-2.07788	-1.47562	
0.333775	-2.07784	-1.47575	
0.333784	-2.07781	-1.47583	
0.333969	-2.07757	-1.47584	
0.33367	-2.07773	-1.47601	
0.333856	-2.07749	-1.47601	
0.333764	-2.0776	-1.47605	
0.33395	-2.07736	-1.47606	
0.333858	-2.07747	-1.47609	
0.334065	-2.07728	-1.47626	
0.334159	-2.07715	-1.4763	
0.334253	-2.07702	-1.47634	
0.334162	-2.07713	-1.47638	
0.334253	-2.07702	-1.47634	
0.334262	-2.07699	-1.47643	
0.334464	-2.07682	-1.4766	
0.334372	-2.07693	-1.47664	
0.334464	-2.07682	-1.4766	
0.334473	-2.07679	-1.47669	
0.334565	-2.07668	-1.47665	
0.334673	-2.07661	-1.47685	
0.334673	-2.07661	-1.47685	
0.334767	-2.07648	-1.47689	
0.334767	-2.07648	-1.47689	
0.334675	-2.0766	-1.47693	
0.334862	-2.07635	-1.47694	
0.334862	-2.07635	-1.47694	
0.334978	-2.07628	-1.47715	
0.335079	-2.07614	-1.4772	
0.335079	-2.07614	-1.4772	
0.335079	-2.07614	-1.4772	
0.335173	-2.07601	-1.47724	
0.335173	-2.07601	-1.47724	
0.335267	-2.07588	-1.47729	
0.335361	-2.07575	-1.47733	
0.335472	-2.07569	-1.47755	
0.335472	-2.07569	-1.47755	
0.335472	-2.07569	-1.47755	
0.335578	-2.07554	-1.47759	
0.335673	-2.07541	-1.47764	
0.335673	-2.07541	-1.47764	
0.335767	-2.07528	-1.47768	
0.335861	-2.07515	-1.47772	
0.335861	-2.07515	-1.47772	
0.335955	-2.07502	-1.47777	
0.33598	-2.07507	-1.47802	
0.336172	-2.07481	-1.47803	
0.33608	-2.07493	-1.47807	
0.336267	-2.07468	-1.47807	
0.336361	-2.07455	-1.47812	
0.336455	-2.07442	-1.47816	
0.336455	-2.07442	-1.47816	
0.336464	-2.0744	-1.47824	
0.33665	-2.07415	-1.47825	
0.336558	-2.07427	-1.47829	
0.336759	-2.07409	-1.47845	
0.336768	-2.07406	-1.47853	
0.336859	-2.07395	-1.4785	
0.336862	-2.07393	-1.47857	
0.336962	-2.07379	-1.47862	
0.336849	-2.07366	-1.47856	
0.336757	-2.07378	-1.4786	
0.336944	-2.07353	-1.4786	
0.336757	-2.07378	-1.4786	
0.336944	-2.07353	-1.4786	
0.337038	-2.0734	-1.47865	
0.336946	-2.07352	-1.47868	
0.337148	-2.07334	-1.47886	
0.337057	-2.07346	-1.4789	
0.337148	-2.07334	-1.47886	
0.337148	-2.07334	-1.47886	
0.337148	-2.07334	-1.47886	
0.337157	-2.07332	-1.47894	
0.337249	-2.0732	-1.47891	
0.337249	-2.0732	-1.47891	
0.337249	-2.0732	-1.47891	
0.337249	-2.0732	-1.47891	
0.337157	-2.07332	-1.47894	
0.337349	-2.07306	-1.47895	
0.337157	-2.07332	-1.47894	
0.337258	-2.07318	-1.47899	
0.337364	-2.07313	-1.47911	
0.337458	-2.073	-1.47915	
0.337458	-2.073	-1.47915	
0.337458	-2.073	-1.47915	
0.337366	-2.07311	-1.47919	
0.337552	-2.07287	-1.4792	
0.337552	-2.07287	-1.4792	
0.337461	-2.07298	-1.47923	
0.337552	-2.07287	-1.4792	
0.337554	-2.07285	-1.47928	
0.337646	-2.07274	-1.47924	
0.337646	-2.07274	-1.47924	
0.337661	-2.0728	-1.4794	
0.337755	-2.07267	-1.47944	
0.337755	-2.07267	-1.47944	
0.337856	-2.07253	-1.47948	
0.337856	-2.07253	-1.47948	
0.337764	-2.07264	-1.47952	
0.337956	-2.07239	-1.47953	
0.337956	-2.07239	-1.47953	
0.337956	-2.07239	-1.47953	
0.33805	-2.07226	-1.47957	
0.33805	-2.07226	-1.47957	
0.338161	-2.0722	-1.47979	
0.338066	-2.07233	-1.47975	
0.338161	-2.0722	-1.47979	
0.338161	-2.0722	-1.47979	
0.338255	-2.07207	-1.47983	
0.338163	-2.07218	-1.47987	
0.338255	-2.07207	-1.47983	
0.338255	-2.07207	-1.47983	
0.338355	-2.07193	-1.47988	
0.338255	-2.07207	-1.47983	
0.338355	-2.07193	-1.47988	
0.338371	-2.072	-1.48005	
0.338465	-2.07187	-1.48009	
0.338373	-2.07198	-1.48013	
0.338465	-2.07187	-1.48009	
0.338465	-2.07187	-1.48009	
0.338566	-2.07173	-1.48014	
0.338581	-2.07176	-1.48031	
0.338581	-2.07176	-1.48031	
0.338595	-2.07183	-1.48046	
0.338608	-2.07186	-1.48062	
0.338517	-2.07197	-1.48065	
0.338702	-2.07173	-1.48066	
0.338702	-2.07173	-1.48066	
0.33861	-2.07184	-1.4807	
0.33861	-2.07184	-1.4807	
0.338357	-2.0718	-1.48051	
0.338543	-2.07155	-1.48052	
0.338451	-2.07167	-1.48056	
0.338467	-2.07173	-1.48073	
0.338467	-2.07173	-1.48073	
0.338467	-2.07173	-1.48073	
0.338659	-2.07148	-1.48074	
0.338659	-2.07148	-1.48074	
0.338754	-2.07135	-1.48078	
0.338662	-2.07146	-1.48082	
0.338754	-2.07135	-1.48078	
0.338662	-2.07146	-1.48082	
0.338754	-2.07135	-1.48078	
0.338756	-2.07133	-1.48086	
0.338848	-2.07122	-1.48083	
0.338756	-2.07133	-1.48086	
0.338872	-2.07127	-1.48108	
0.338964	-2.07115	-1.48105	
0.338872	-2.07127	-1.48108	
0.338872	-2.07127	-1.48108	
0.338967	-2.07113	-1.48113	
0.338967	-2.07113	-1.48113	
0.338967	-2.07113	-1.48113	
0.338967	-2.07113	-1.48113	
0.338967	-2.07113	-1.48113	
0.339067	-2.071	-1.48117	
0.339084	-2.07106	-1.48134	
0.339175	-2.07095	-1.48131	
0.339084	-2.07106	-1.48134	
0.339175	-2.07095	-1.48131	
0.339269	-2.07082	-1.48135	
0.339177	-2.07093	-1.48139	
0.339269	-2.07082	-1.48135	
0.339269	-2.07082	-1.48135	
0.339364	-2.07069	-1.48139	
0.339364	-2.07069	-1.48139	
0.339287	-2.07087	-1.48159	
0.339378	-2.07075	-1.48155	
0.339378	-2.07075	-1.48155	
0.339472	-2.07062	-1.48159	
0.339472	-2.07062	-1.48159	
0.339472	-2.07062	-1.48159	
0.339572	-2.07048	-1.48164	
0.339572	-2.07048	-1.48164	
0.339572	-2.07048	-1.48164	
0.339572	-2.07048	-1.48164	
0.339673	-2.07034	-1.48169	
0.339596	-2.07052	-1.48187	
0.339481	-2.07039	-1.48181	
0.33969	-2.07039	-1.48192	
0.339575	-2.07026	-1.48186	
0.339669	-2.07013	-1.4819	
0.339669	-2.07013	-1.4819	
0.339577	-2.07025	-1.48194	
0.339764	-2.07	-1.48194	
0.339672	-2.07012	-1.48198	
0.339864	-2.06986	-1.48199	
0.339772	-2.06998	-1.48203	
0.339788	-2.07005	-1.4822	
0.339882	-2.06992	-1.48224	
0.339882	-2.06992	-1.48224	
0.339983	-2.06978	-1.48229	
0.339983	-2.06978	-1.48229	
0.340077	-2.06965	-1.48233	
0.340263	-2.0694	-1.48234	
0.340171	-2.06952	-1.48237	
0.340187	-2.06959	-1.48255	
0.340272	-2.06938	-1.48242	
0.340288	-2.06945	-1.48259	
0.340368	-2.06928	-1.48247	
0.340383	-2.06932	-1.48264	
0.340462	-2.06915	-1.48251	
0.340476	-2.06919	-1.48268	
0.340577	-2.06905	-1.48273	
0.340577	-2.06905	-1.48273	
0.340577	-2.06905	-1.48273	
0.340671	-2.06892	-1.48277	
0.340772	-2.06878	-1.48282	
0.340772	-2.06878	-1.48282	
0.340772	-2.06878	-1.48282	
0.340943	-2.0685	-1.48265	
0.340851	-2.06861	-1.48269	
0.34096	-2.06852	-1.4829	
0.34096	-2.06852	-1.4829	
0.341069	-2.06845	-1.4831	
0.341069	-2.06845	-1.4831	
0.341054	-2.06841	-1.48293	
0.341162	-2.06832	-1.48314	
0.341239	-2.06817	-1.48294	
0.341162	-2.06832	-1.48314	
0.341269	-2.06817	-1.48319	
0.341269	-2.06817	-1.48319	
0.341269	-2.06817	-1.48319	
0.341364	-2.06804	-1.48324	
0.341364	-2.06804	-1.48324	
0.341364	-2.06804	-1.48324	
0.341364	-2.06804	-1.48324	
0.341474	-2.06798	-1.48345	
0.341474	-2.06798	-1.48345	
0.341566	-2.06786	-1.48342	
0.34146	-2.06795	-1.48328	
0.341569	-2.06785	-1.4835	
0.341646	-2.0677	-1.48329	
0.341662	-2.06772	-1.48354	
0.341648	-2.06768	-1.48337	
0.341662	-2.06772	-1.48354	
0.341648	-2.06768	-1.48337	
0.341662	-2.06772	-1.48354	
0.341749	-2.06755	-1.48342	
0.341763	-2.06758	-1.48359	
0.341749	-2.06755	-1.48342	
0.341863	-2.06744	-1.48363	
0.341849	-2.06741	-1.48346	
0.341863	-2.06744	-1.48363	
0.341958	-2.06731	-1.48367	
0.341958	-2.06731	-1.48367	
0.342068	-2.06725	-1.48389	
0.342068	-2.06725	-1.48389	
0.342068	-2.06725	-1.48389	
0.342147	-2.06709	-1.48376	
0.342162	-2.06712	-1.48393	
0.342248	-2.06695	-1.48381	
0.342262	-2.06698	-1.48398	
0.342342	-2.06681	-1.48385	
0.342357	-2.06685	-1.48402	
0.342357	-2.06685	-1.48402	
0.342357	-2.06685	-1.48402	
0.342357	-2.06685	-1.48402	
0.342457	-2.06671	-1.48407	
0.342457	-2.06671	-1.48407	
0.342443	-2.06668	-1.4839	
0.342457	-2.06671	-1.48407	
0.342443	-2.06668	-1.4839	
0.342219	-2.06669	-1.48404	
0.342313	-2.06659	-1.48407	
0.342327	-2.06663	-1.48424	
0.342313	-2.06659	-1.48407	
0.342422	-2.0665	-1.48428	
0.342408	-2.06646	-1.48411	
0.342508	-2.06632	-1.48416	
0.342522	-2.06636	-1.48433	
0.342508	-2.06632	-1.48416	
0.342616	-2.06623	-1.48437	
0.342602	-2.06619	-1.4842	
0.342616	-2.06623	-1.48437	
0.342696	-2.06606	-1.48425	
0.342616	-2.06623	-1.48437	
0.342711	-2.0661	-1.48442	
0.342725	-2.06616	-1.48457	
0.342725	-2.06616	-1.48457	
0.342711	-2.06612	-1.4844	
0.342725	-2.06616	-1.48457	
0.342805	-2.06599	-1.48444	
0.342819	-2.06603	-1.48461	
0.342805	-2.06599	-1.48444	
0.342819	-2.06603	-1.48461	
0.342819	-2.06603	-1.48461	
0.342805	-2.06599	-1.48444	
0.342819	-2.06603	-1.48461	
0.342905	-2.06586	-1.48449	
0.34302	-2.06575	-1.4847	
0.343022	-2.06579	-1.48471	
0.343036	-2.06582	-1.48488	
0.343036	-2.06582	-1.48488	
0.343036	-2.06582	-1.48488	
0.343036	-2.06582	-1.48488	
0.343116	-2.06566	-1.48475	
0.343131	-2.06569	-1.48492	
0.343116	-2.06566	-1.48475	
0.343131	-2.06569	-1.48492	
0.343131	-2.06569	-1.48492	
0.343225	-2.06556	-1.48497	
0.34321	-2.06553	-1.4848	
0.343239	-2.06562	-1.48512	
0.343032	-2.06561	-1.48509	
0.343018	-2.06557	-1.48493	
0.343032	-2.06561	-1.48509	
0.343112	-2.06544	-1.48497	
0.343127	-2.06548	-1.48514	
0.343112	-2.06544	-1.48497	
0.343127	-2.06548	-1.48514	
0.343127	-2.06548	-1.48514	
0.343143	-2.06555	-1.48531	
0.343127	-2.06548	-1.48514	
0.343222	-2.06538	-1.48519	
0.343237	-2.06542	-1.48536	
0.343222	-2.06538	-1.48519	
0.343237	-2.06542	-1.48536	
0.343314	-2.06527	-1.48515	
0.343237	-2.06542	-1.48536	
0.343344	-2.06527	-1.4854	
0.343329	-2.06524	-1.48524	
0.343344	-2.06527	-1.4854	
0.343329	-2.06524	-1.48524	
0.343344	-2.06527	-1.4854	
0.343423	-2.06511	-1.48528	
0.343438	-2.06514	-1.48545	
0.343423	-2.06511	-1.48528	
0.343438	-2.06514	-1.48545	
0.343454	-2.06521	-1.48562	
0.343231	-2.06519	-1.48559	
0.343326	-2.06506	-1.48564	
0.343311	-2.06503	-1.48547	
0.343326	-2.06506	-1.48564	
0.343311	-2.06503	-1.48547	
0.343326	-2.06506	-1.48564	
0.343497	-2.06479	-1.48547	
0.34342	-2.06493	-1.48568	
0.343405	-2.0649	-1.48551	
0.34342	-2.06493	-1.48568	
0.343405	-2.0649	-1.48551	
0.34342	-2.06493	-1.48568	
0.343514	-2.0648	-1.48572	
0.343514	-2.0648	-1.48572	
0.343514	-2.0648	-1.48572	
0.343516	-2.06484	-1.48573	
0.343631	-2.06473	-1.48594	
0.343616	-2.0647	-1.48577	
0.343631	-2.06473	-1.48594	
0.343616	-2.0647	-1.48577	
0.343725	-2.0646	-1.48598	
0.34371	-2.06457	-1.48582	
0.34381	-2.06443	-1.48586	
0.343825	-2.06446	-1.48603	
0.34381	-2.06443	-1.48586	
0.343825	-2.06446	-1.48603	
0.343826	-2.0645	-1.48603	
0.343936	-2.0644	-1.48625	
0.343936	-2.0644	-1.48625	
0.343921	-2.06437	-1.48608	
0.343936	-2.0644	-1.48625	
0.343921	-2.06437	-1.48608	
0.34403	-2.06427	-1.48629	
0.34403	-2.06427	-1.48629	
0.34403	-2.06427	-1.48629	
0.34413	-2.06413	-1.48633	
0.344115	-2.0641	-1.48617	
0.34413	-2.06413	-1.48633	
0.344115	-2.0641	-1.48617	
0.344239	-2.06406	-1.48653	
0.34421	-2.06397	-1.48621	
0.344239	-2.06406	-1.48653	
0.344239	-2.06406	-1.48653	
0.344239	-2.06406	-1.48653	
0.344032	-2.06405	-1.48651	
0.344018	-2.06402	-1.48634	
0.344126	-2.06392	-1.48655	
0.344112	-2.06389	-1.48638	
0.344126	-2.06392	-1.48655	
0.344112	-2.06389	-1.48638	
0.344227	-2.06378	-1.4866	
0.344227	-2.06378	-1.4866	
0.344212	-2.06375	-1.48643	
0.344227	-2.06378	-1.4866	
0.344212	-2.06375	-1.48643	
0.344336	-2.06371	-1.4868	
0.344227	-2.06381	-1.48659	
0.344336	-2.06371	-1.4868	
0.344336	-2.06371	-1.4868	
0.344336	-2.06371	-1.4868	
0.344436	-2.06357	-1.48684	
0.344422	-2.06354	-1.48668	
0.344436	-2.06357	-1.48684	
0.344422	-2.06354	-1.48668	
0.34453	-2.06344	-1.48689	
0.344515	-2.06341	-1.48672	
0.34453	-2.06344	-1.48689	
0.344515	-2.06341	-1.48672	
0.34453	-2.06344	-1.48689	
0.34453	-2.06344	-1.48689	
0.344626	-2.06335	-1.48693	
0.344641	-2.06338	-1.4871	
0.34472	-2.06322	-1.48698	
0.344734	-2.06325	-1.48715	
0.34472	-2.06322	-1.48698	
0.344734	-2.06325	-1.48715	
0.34472	-2.06322	-1.48698	
0.344734	-2.06325	-1.48715	
0.344835	-2.06311	-1.48719	
0.344835	-2.06311	-1.48719	
0.344835	-2.06311	-1.48719	
0.344835	-2.06311	-1.48719	
0.344835	-2.06311	-1.48719	
0.344835	-2.06311	-1.48719	
0.344935	-2.06297	-1.48724	
0.344935	-2.06297	-1.48724	
0.344937	-2.06301	-1.48724	
0.344935	-2.06297	-1.48724	
0.344951	-2.06304	-1.48741	
0.345046	-2.06291	-1.48745	
0.345046	-2.06291	-1.48745	
0.345046	-2.06291	-1.48745	
0.345046	-2.06291	-1.48745	
0.345046	-2.06291	-1.48745	
0.34514	-2.06278	-1.4875	
0.34514	-2.06278	-1.4875	
0.34514	-2.06278	-1.4875	
0.345233	-2.06265	-1.48754	
0.345233	-2.06265	-1.48754	
0.345247	-2.06268	-1.48769	
0.345347	-2.06254	-1.48774	
0.345347	-2.06254	-1.48774	
0.345347	-2.06254	-1.48774	
0.345347	-2.06254	-1.48774	
0.345347	-2.06254	-1.48774	
0.345442	-2.06241	-1.48778	
0.345456	-2.06247	-1.48794	
0.345442	-2.06241	-1.48778	
0.345557	-2.06234	-1.48798	
0.345557	-2.06234	-1.48798	
0.345557	-2.06234	-1.48798	
0.345557	-2.06234	-1.48798	
0.345543	-2.0623	-1.48783	
0.345637	-2.06217	-1.48787	
0.345637	-2.06217	-1.48787	
0.345637	-2.06217	-1.48787	
0.345732	-2.06204	-1.48792	
0.345732	-2.06204	-1.48792	
0.345732	-2.06204	-1.48792	
0.345732	-2.06204	-1.48792	
0.345832	-2.0619	-1.48796	
0.345832	-2.0619	-1.48796	
0.345942	-2.06184	-1.48818	
0.345926	-2.06177	-1.48801	
0.345942	-2.06184	-1.48818	
0.346037	-2.06171	-1.48822	
0.346037	-2.06171	-1.48822	
0.346037	-2.06171	-1.48822	
0.346037	-2.06171	-1.48822	
0.346137	-2.06157	-1.48827	
0.346137	-2.06157	-1.48827	
0.346137	-2.06157	-1.48827	
0.346137	-2.06157	-1.48827	
0.346137	-2.06157	-1.48827	
0.346231	-2.06144	-1.48831	
0.346231	-2.06144	-1.48831	
0.346247	-2.06151	-1.48849	
0.346247	-2.06151	-1.48849	
0.346007	-2.0615	-1.48846	
0.346102	-2.06137	-1.4885	
0.346102	-2.06137	-1.4885	
0.346102	-2.06137	-1.4885	
0.346102	-2.06137	-1.4885	
0.346102	-2.06137	-1.4885	
0.346102	-2.06137	-1.4885	
0.346102	-2.06137	-1.4885	
0.346102	-2.06137	-1.4885	
0.346202	-2.06123	-1.48855	
0.346202	-2.06123	-1.48855	
0.346202	-2.06123	-1.48855	
0.346296	-2.0611	-1.48859	
0.346296	-2.0611	-1.48859	
0.346296	-2.0611	-1.48859	
0.34639	-2.06097	-1.48863	
0.34639	-2.06097	-1.48863	
0.346405	-2.06103	-1.48879	
0.346505	-2.06089	-1.48883	
0.346505	-2.06089	-1.48883	
0.346505	-2.06089	-1.48883	
0.346599	-2.06076	-1.48888	
0.346599	-2.06076	-1.48888	
0.346599	-2.06076	-1.48888	
0.346599	-2.06076	-1.48888	
0.346699	-2.06062	-1.48892	
0.346699	-2.06062	-1.48892	
0.346699	-2.06062	-1.48892	
0.346794	-2.06049	-1.48897	
0.346794	-2.06049	-1.48897	
0.346794	-2.06049	-1.48897	
0.346794	-2.06049	-1.48897	
0.346888	-2.06036	-1.48901	
0.346888	-2.06036	-1.48901	
0.346888	-2.06036	-1.48901	
0.346998	-2.0603	-1.48923	
0.346998	-2.0603	-1.48923	
0.346998	-2.0603	-1.48923	
0.346998	-2.0603	-1.48923	
0.346998	-2.0603	-1.48923	
0.347099	-2.06016	-1.48927	
0.347099	-2.06016	-1.48927	
0.347099	-2.06016	-1.48927	
0.347199	-2.06002	-1.48932	
0.347199	-2.06002	-1.48932	
0.347199	-2.06002	-1.48932	
0.347307	-2.05995	-1.48952	
0.347089	-2.05988	-1.48934	
0.347103	-2.05994	-1.48949	
0.347198	-2.05981	-1.48954	
0.347103	-2.05994	-1.48949	
0.347198	-2.05981	-1.48954	
0.347198	-2.05981	-1.48954	
0.347198	-2.05981	-1.48954	
0.347198	-2.05981	-1.48954	
0.347198	-2.05981	-1.48954	
0.347198	-2.05981	-1.48954	
0.347198	-2.05981	-1.48954	
0.347198	-2.05981	-1.48954	
0.347291	-2.05968	-1.48958	
0.347277	-2.05964	-1.48941	
0.347291	-2.05968	-1.48958	
0.347277	-2.05964	-1.48941	
0.347291	-2.05968	-1.48958	
0.347306	-2.05974	-1.48974	
0.347406	-2.0596	-1.48978	
0.347406	-2.0596	-1.48978	
0.347486	-2.05944	-1.48966	
0.347501	-2.05947	-1.48982	
0.347501	-2.05947	-1.48982	
0.347501	-2.05947	-1.48982	
0.347587	-2.0593	-1.4897	
0.347501	-2.05947	-1.48982	
0.347587	-2.0593	-1.4897	
0.347501	-2.05947	-1.48982	
0.347601	-2.05933	-1.48987	
0.347601	-2.05933	-1.48987	
0.347601	-2.05933	-1.48987	
0.347695	-2.0592	-1.48991	
0.347695	-2.0592	-1.48991	
0.347695	-2.0592	-1.48991	
0.347695	-2.0592	-1.48991	
0.347695	-2.0592	-1.48991	
0.347695	-2.0592	-1.48991	
0.347681	-2.05917	-1.48975	
0.347711	-2.05927	-1.49009	
0.347711	-2.05927	-1.49009	
0.347711	-2.05927	-1.49009	
0.347711	-2.05927	-1.49009	
0.347806	-2.05914	-1.49013	
0.347791	-2.05911	-1.48996	
0.347806	-2.05914	-1.49013	
0.347791	-2.05911	-1.48996	
0.347806	-2.05914	-1.49013	
0.347791	-2.05911	-1.48996	
0.347906	-2.059	-1.49018	
0.347906	-2.059	-1.49018	
0.347906	-2.059	-1.49018	
0.347906	-2.059	-1.49018	
0.347906	-2.059	-1.49018	
0.347906	-2.059	-1.49018	
0.347922	-2.05907	-1.49035	
0.347892	-2.05897	-1.49001	
0.348016	-2.05894	-1.49039	
0.348	-2.05887	-1.49022	
0.348111	-2.05881	-1.49044	
0.348016	-2.05894	-1.49039	
0.348204	-2.05868	-1.49048	
0.348111	-2.05881	-1.49044	
0.348204	-2.05868	-1.49048	
0.348204	-2.05868	-1.49048	
0.34819	-2.05864	-1.49031	
0.348204	-2.05868	-1.49048	
0.348204	-2.05868	-1.49048	
0.348204	-2.05868	-1.49048	
0.348204	-2.05868	-1.49048	
0.348305	-2.05854	-1.49053	
0.34829	-2.05851	-1.49036	
0.348305	-2.05854	-1.49053	
0.348305	-2.05854	-1.49053	
0.348305	-2.05854	-1.49053	
0.348405	-2.0584	-1.49057	
0.348391	-2.05837	-1.4904	
0.348405	-2.0584	-1.49057	
0.348168	-2.05835	-1.49038	
0.348292	-2.05832	-1.49074	
0.348485	-2.05823	-1.49045	
0.348292	-2.05832	-1.49074	
0.348277	-2.05828	-1.49057	
0.348292	-2.05832	-1.49074	
0.348386	-2.05819	-1.49079	
0.348386	-2.05819	-1.49079	
0.348386	-2.05819	-1.49079	
0.348371	-2.05815	-1.49062	
0.348386	-2.05819	-1.49079	
0.348465	-2.05802	-1.49066	
0.348479	-2.05806	-1.49083	
0.348465	-2.05802	-1.49066	
0.348479	-2.05806	-1.49083	
0.348465	-2.05802	-1.49066	
0.348479	-2.05806	-1.49083	
0.348479	-2.05806	-1.49083	
0.348479	-2.05806	-1.49083	
0.348574	-2.05792	-1.49087	
0.348574	-2.05792	-1.49087	
0.348574	-2.05792	-1.49087	
0.348574	-2.05792	-1.49087	
0.348574	-2.05792	-1.49087	
0.348667	-2.05774	-1.49075	
0.348681	-2.05778	-1.49092	
0.348667	-2.05774	-1.49075	
0.348681	-2.05778	-1.49092	
0.348667	-2.05774	-1.49075	
0.348775	-2.05765	-1.49097	
0.34876	-2.05761	-1.4908	
0.348775	-2.05765	-1.49097	
0.348775	-2.05765	-1.49097	
0.348775	-2.05765	-1.49097	
0.348775	-2.05765	-1.49097	
0.34876	-2.05761	-1.4908	
0.348869	-2.05752	-1.49101	
0.348884	-2.05759	-1.49118	
0.348869	-2.05752	-1.49101	
0.34887	-2.05755	-1.49101	
0.348869	-2.05752	-1.49101	
0.348965	-2.05742	-1.49105	
0.348979	-2.05745	-1.49122	
0.348979	-2.05745	-1.49122	
0.348965	-2.05742	-1.49105	
0.348979	-2.05745	-1.49122	
0.349073	-2.05732	-1.49127	
0.349073	-2.05732	-1.49127	
0.349073	-2.05732	-1.49127	
0.349073	-2.05732	-1.49127	
0.349173	-2.05718	-1.49131	
0.349159	-2.05715	-1.49114	
0.349173	-2.05718	-1.49131	
0.349259	-2.05701	-1.49119	
0.349274	-2.05705	-1.49136	
0.349259	-2.05701	-1.49119	
0.349368	-2.05691	-1.4914	
0.349259	-2.05701	-1.49119	
0.349368	-2.05691	-1.4914	
0.34937	-2.05695	-1.49141	
0.349368	-2.05691	-1.4914	
0.34937	-2.05695	-1.49141	
0.349462	-2.05678	-1.49145	
0.349478	-2.05685	-1.49162	
0.349478	-2.05685	-1.49162	
0.349573	-2.05672	-1.49166	
0.349558	-2.05669	-1.49149	
0.349573	-2.05672	-1.49166	
0.349558	-2.05669	-1.49149	
0.349673	-2.05658	-1.49171	
0.349659	-2.05655	-1.49154	
0.349673	-2.05658	-1.49171	
0.349659	-2.05655	-1.49154	
0.349673	-2.05658	-1.49171	
0.349753	-2.05642	-1.49158	
0.349767	-2.05645	-1.49175	
0.349753	-2.05642	-1.49158	
0.349868	-2.05631	-1.4918	
0.349868	-2.05631	-1.4918	
0.349868	-2.05631	-1.4918	
0.349868	-2.05631	-1.4918	
0.349868	-2.05631	-1.4918	
0.349962	-2.05618	-1.49184	
0.349959	-2.05614	-1.49164	
0.349944	-2.05611	-1.49147	
0.350053	-2.05601	-1.49168	
0.350053	-2.05601	-1.49168	
0.350038	-2.05598	-1.49151	
0.350153	-2.05587	-1.49173	
0.350139	-2.05584	-1.49156	
0.350169	-2.05594	-1.4919	
0.350154	-2.05591	-1.49173	
0.350264	-2.05581	-1.49194	
0.350264	-2.05581	-1.49194	
0.350249	-2.05577	-1.49177	
0.350264	-2.05581	-1.49194	
0.350343	-2.05564	-1.49182	
0.350357	-2.05568	-1.49199	
0.350343	-2.05564	-1.49182	
0.350357	-2.05568	-1.49199	
0.350343	-2.05564	-1.49182	
0.350357	-2.05568	-1.49199	
0.350343	-2.05564	-1.49182	
0.350357	-2.05568	-1.49199	
0.350357	-2.05568	-1.49199	
0.350452	-2.05555	-1.49203	
0.350466	-2.05561	-1.49219	
0.350452	-2.05555	-1.49203	
0.350466	-2.05561	-1.49219	
0.350452	-2.05558	-1.49202	
0.350567	-2.05547	-1.49223	
0.350552	-2.05544	-1.49206	
0.350342	-2.05546	-1.4922	
0.350328	-2.05542	-1.49204	
0.350342	-2.05546	-1.4922	
0.350342	-2.05546	-1.4922	
0.350443	-2.05532	-1.49225	
0.350328	-2.05542	-1.49204	
0.350443	-2.05532	-1.49225	
0.350443	-2.05532	-1.49225	
0.350428	-2.05528	-1.49208	
0.350443	-2.05532	-1.49225	
0.350428	-2.05528	-1.49208	
0.350443	-2.05532	-1.49225	
0.350428	-2.05528	-1.49208	
0.350536	-2.05519	-1.49229	
0.350538	-2.05522	-1.4923	
0.350552	-2.05526	-1.49247	
0.350552	-2.05526	-1.49247	
0.350552	-2.05526	-1.49247	
0.350552	-2.05526	-1.49247	
0.350522	-2.05515	-1.49213	
0.350647	-2.05512	-1.49251	
0.350632	-2.05509	-1.49234	
0.350647	-2.05512	-1.49251	
0.350647	-2.05512	-1.49251	
0.350647	-2.05512	-1.49251	
0.350741	-2.05499	-1.49255	
0.350726	-2.05496	-1.49238	
0.350741	-2.05499	-1.49255	
0.350726	-2.05496	-1.49238	
0.350741	-2.05499	-1.49255	
0.350821	-2.05483	-1.49243	
0.350835	-2.05486	-1.4926	
0.350821	-2.05483	-1.49243	
0.350835	-2.05486	-1.4926	
0.350942	-2.05472	-1.49265	
0.350927	-2.05468	-1.49248	
0.350942	-2.05472	-1.49265	
0.350927	-2.05468	-1.49248	
0.351051	-2.05465	-1.49284	
0.351022	-2.05455	-1.49252	
0.351144	-2.05452	-1.49289	
0.351051	-2.05465	-1.49284	
0.351144	-2.05452	-1.49289	
0.351144	-2.05452	-1.49289	
0.351224	-2.05435	-1.49276	
0.351239	-2.05439	-1.49293	
0.351224	-2.05435	-1.49276	
0.351239	-2.05439	-1.49293	
0.351318	-2.05422	-1.49281	
0.351333	-2.05426	-1.49297	
0.351333	-2.05426	-1.49297	
0.351333	-2.05426	-1.49297	
0.351433	-2.05412	-1.49302	
0.351419	-2.05408	-1.49285	
0.351528	-2.05398	-1.49306	
0.351513	-2.05395	-1.4929	
0.351544	-2.05405	-1.49324	
0.351529	-2.05402	-1.49307	
0.351544	-2.05405	-1.49324	
0.35163	-2.05388	-1.49311	
0.351644	-2.05392	-1.49328	
0.351644	-2.05392	-1.49328	
0.351738	-2.05378	-1.49333	
0.351738	-2.05378	-1.49333	
0.351723	-2.05375	-1.49316	
0.351832	-2.05365	-1.49337	
0.351918	-2.05348	-1.49325	
0.351933	-2.05351	-1.49342	
0.352012	-2.05335	-1.49329	
0.352027	-2.05338	-1.49346	
0.352012	-2.05335	-1.49329	
0.352027	-2.05338	-1.49346	
0.352106	-2.05322	-1.49333	
0.352121	-2.05325	-1.4935	
0.352122	-2.05329	-1.4935	
0.352238	-2.05318	-1.49372	
0.352238	-2.05318	-1.49372	
0.352223	-2.05315	-1.49355	
0.352238	-2.05318	-1.49372	
0.352223	-2.05315	-1.49355	
0.352332	-2.05305	-1.49376	
0.352095	-2.05301	-1.49357	
0.352109	-2.05304	-1.49374	
0.352095	-2.05301	-1.49357	
0.352109	-2.05304	-1.49374	
0.352209	-2.0529	-1.49378	
0.352195	-2.05287	-1.49361	
0.352209	-2.0529	-1.49378	
0.352289	-2.05274	-1.49366	
0.352303	-2.05277	-1.49383	
0.352289	-2.05274	-1.49366	
0.352303	-2.05277	-1.49383	
0.352289	-2.05274	-1.49366	
0.352398	-2.05264	-1.49387	
0.352398	-2.05264	-1.49387	
0.352398	-2.05264	-1.49387	
0.352492	-2.05251	-1.49391	
0.352477	-2.05247	-1.49374	
0.352492	-2.05251	-1.49391	
0.352477	-2.05247	-1.49374	
0.352607	-2.05243	-1.49412	
0.352577	-2.05233	-1.49379	
0.352607	-2.05243	-1.49412	
0.352592	-2.0524	-1.49395	
0.352607	-2.05243	-1.49412	
0.352592	-2.0524	-1.49395	
0.352707	-2.05229	-1.49416	
0.352707	-2.05229	-1.49416	
0.352692	-2.05226	-1.49399	
0.352801	-2.05216	-1.49421	
0.352787	-2.05213	-1.49404	
0.352801	-2.05216	-1.49421	
0.352787	-2.05213	-1.49404	
0.352895	-2.05203	-1.49425	
0.352881	-2.052	-1.49408	
0.352895	-2.05203	-1.49425	
0.352895	-2.05203	-1.49425	
0.352975	-2.05187	-1.49412	
0.352895	-2.05203	-1.49425	
0.352975	-2.05187	-1.49412	
0.35299	-2.0519	-1.49429	
0.352975	-2.05187	-1.49412	
0.35299	-2.0519	-1.49429	
0.35317	-2.0516	-1.49421	
0.353184	-2.05163	-1.49438	
0.353284	-2.05149	-1.49443	
0.35327	-2.05146	-1.49426	
0.353284	-2.05149	-1.49443	
0.35338	-2.05139	-1.49447	
0.353379	-2.05136	-1.49447	
0.35338	-2.05139	-1.49447	
0.353489	-2.0513	-1.49469	
0.353489	-2.0513	-1.49469	
0.353575	-2.05112	-1.49456	
0.353589	-2.05116	-1.49473	
0.353669	-2.05099	-1.49461	
0.353684	-2.05103	-1.49478	
0.353763	-2.05086	-1.49465	
0.353878	-2.05076	-1.49487	
0.353878	-2.05076	-1.49487	
0.353878	-2.05076	-1.49487	
0.353972	-2.05063	-1.49491	
