5.4411	14.9401	3.41467	
5.44115	14.9438	3.4015	
5.44085	14.9481	3.38808	
5.44504	14.9329	3.35583	
5.46354	14.8405	3.24787	
5.48609	14.6864	3.08973	
5.51056	14.4843	2.90699	
5.54034	14.2303	2.69109	
5.57668	13.9197	2.42751	
5.61697	13.5548	2.11896	
5.65811	13.1416	1.77285	
5.69957	12.6906	1.40616	
5.74406	12.2121	1.0217	
5.79554	11.7144	0.615693	
5.85568	11.208	0.191457	
5.92161	10.7054	-0.235274	
5.98952	10.2156	-0.650965	
6.0567	9.7511	-1.0467	
6.12138	9.32193	-1.41498	
6.18253	8.9339	-1.75523	
6.2378	8.59329	-2.05401	
6.28658	8.29815	-2.30854	
6.32833	8.04893	-2.5171	
6.36142	7.84265	-2.68563	
6.38358	7.6764	-2.81301	
6.39104	7.55055	-2.8973	
6.38332	7.45995	-2.93951	
6.35979	7.40271	-2.94059	
6.3202	7.3749	-2.9059	
6.26668	7.36988	-2.84026	
6.20129	7.38578	-2.74574	
6.12738	7.41796	-2.62454	
6.0455	7.46071	-2.484	
5.95768	7.51106	-2.32978	
5.86478	7.56479	-2.16729	
5.77122	7.61648	-2.00702	
5.68134	7.66147	-1.85482	
5.59763	7.69532	-1.70891	
5.51927	7.71635	-1.57602	
5.44379	7.72273	-1.46294	
5.3719	7.71347	-1.37389	
5.30556	7.68637	-1.3115	
5.24761	7.64094	-1.27347	
5.20023	7.57646	-1.26152	
5.16377	7.49377	-1.27757	
5.13742	7.39495	-1.32694	
5.11892	7.2824	-1.4105	
5.10952	7.15875	-1.52265	
5.10694	7.02786	-1.6589	
5.11399	6.89116	-1.81802	
5.13029	6.75167	-1.99394	
5.15448	6.61406	-2.18252	
5.1858	6.48118	-2.37552	
5.22634	6.35337	-2.56649	
5.27219	6.23272	-2.74867	
5.32223	6.1209	-2.92134	
5.37551	6.01682	-3.08483	
5.4277	5.92264	-3.23317	
5.47682	5.83775	-3.36187	
5.52155	5.76227	-3.46881	
5.55953	5.69729	-3.55436	
5.59266	5.64041	-3.62103	
5.61827	5.5919	-3.66374	
5.63475	5.55064	-3.68031	
5.6429	5.51588	-3.67753	
5.63985	5.48765	-3.65491	
5.62473	5.46582	-3.61348	
5.59752	5.44994	-3.55576	
5.55805	5.43878	-3.48263	
5.50671	5.43177	-3.39703	
5.44566	5.4282	-3.30648	
5.37886	5.42633	-3.21665	
5.3114	5.42416	-3.12958	
5.24695	5.41963	-3.04397	
5.18391	5.41296	-2.95849	
5.12345	5.40344	-2.87324	
5.06649	5.39033	-2.78853	
5.01298	5.37427	-2.70688	
4.96442	5.35491	-2.63165	
4.92318	5.33192	-2.56639	
4.8909	5.30543	-2.513	
4.86749	5.27531	-2.47106	
4.85077	5.24264	-2.44061	
4.83864	5.20903	-2.4231	
4.83167	5.17424	-2.41879	
4.82745	5.13959	-2.42416	
4.82897	5.10368	-2.43697	
4.8332	5.06773	-2.45504	
4.84127	5.03306	-2.48265	
4.85034	4.99986	-2.51136	
4.86429	4.96661	-2.54095	
4.88149	4.93405	-2.56983	
4.90321	4.9014	-2.59841	
4.92906	4.86895	-2.62544	
4.95729	4.83747	-2.65121	
4.98831	4.80721	-2.67928	
5.02086	4.77856	-2.70863	
5.05379	4.75083	-2.73446	
5.08614	4.72513	-2.76063	
5.11707	4.70176	-2.78828	
5.14676	4.68015	-2.81589	
5.17337	4.66029	-2.83927	
5.19533	4.64336	-2.86156	
5.21229	4.62946	-2.88363	
5.22293	4.61849	-2.9029	
5.22581	4.61011	-2.91634	
5.22032	4.60431	-2.92278	
5.20611	4.60201	-2.92698	
5.18312	4.60277	-2.92752	
5.15132	4.60625	-2.92255	
5.10945	4.61263	-2.91038	
5.0585	4.62109	-2.88991	
5.00116	4.63148	-2.8658	
4.94027	4.64297	-2.84021	
4.8825	4.6536	-2.816	
4.82602	4.66371	-2.79111	
4.77031	4.67336	-2.76494	
4.71595	4.68225	-2.7375	
4.66427	4.69042	-2.71232	
4.61508	4.69761	-2.6876	
4.57165	4.70238	-2.66238	
4.53575	4.70378	-2.63544	
4.5064	4.70237	-2.60713	
4.48181	4.69937	-2.58019	
4.45971	4.69538	-2.55307	
4.43928	4.69062	-2.52492	
4.41978	4.68465	-2.492	
4.4005	4.67773	-2.45385	
4.3822	4.66964	-2.41095	
4.36605	4.66048	-2.36646	
4.35358	4.65015	-2.32246	
4.34619	4.63812	-2.27907	
4.34372	4.62427	-2.23509	
4.34451	4.60899	-2.18866	
4.34881	4.59244	-2.14161	
4.35525	4.57561	-2.09587	
4.3628	4.55861	-2.05055	
4.37042	4.5428	-2.00992	
4.37948	4.52743	-1.97307	
4.38823	4.51273	-1.93774	
4.39835	4.49812	-1.90411	
4.40862	4.48435	-1.87333	
4.4197	4.47128	-1.8465	
4.43177	4.4594	-1.82636	
4.44454	4.44889	-1.81332	
4.4572	4.4395	-1.80469	
4.46887	4.43101	-1.79765	
4.47959	4.42372	-1.794	
4.4877	4.41823	-1.79349	
4.4929	4.41498	-1.79772	
4.49433	4.41375	-1.80407	
4.49107	4.41459	-1.81102	
4.48254	4.4167	-1.8139	
4.46851	4.42055	-1.81468	
4.44833	4.42653	-1.81416	
4.4223	4.43427	-1.81123	
4.39286	4.44242	-1.80364	
4.36242	4.45044	-1.79326	
4.33214	4.4583	-1.78223	
4.30453	4.46552	-1.7728	
4.27813	4.47195	-1.76139	
4.25208	4.4779	-1.7479	
4.22829	4.48265	-1.73232	
4.20408	4.48777	-1.7176	
4.18045	4.49334	-1.70596	
4.15817	4.49832	-1.69373	
4.13561	4.50282	-1.67825	
4.11468	4.50643	-1.66089	
4.09519	4.50962	-1.64377	
4.07644	4.51296	-1.62834	
4.0587	4.51682	-1.61702	
4.04104	4.52061	-1.60505	
4.0236	4.52433	-1.59269	
4.00618	4.52836	-1.58147	
3.98929	4.53291	-1.57344	
3.97467	4.53736	-1.56856	
3.9633	4.54101	-1.56493	
3.95451	4.54376	-1.56077	
3.94807	4.54581	-1.55667	
3.94299	4.54806	-1.55533	
3.93962	4.55046	-1.55729	
3.93748	4.55246	-1.55865	
3.93624	4.55411	-1.5592	
3.93483	4.55572	-1.55872	
3.93259	4.55781	-1.5585	
3.93103	4.56017	-1.56015	
3.92903	4.56267	-1.56101	
3.92696	4.56499	-1.56006	
3.92449	4.56721	-1.5573	
3.92221	4.56945	-1.55412	
3.92011	4.57242	-1.55433	
3.91796	4.57562	-1.55484	
3.91573	4.57875	-1.55418	
3.91177	4.58186	-1.54996	
3.90735	4.58473	-1.54312	
3.9021	4.58777	-1.535	
3.89613	4.59143	-1.52808	
3.88892	4.59586	-1.52221	
3.88161	4.59987	-1.51323	
3.87364	4.60362	-1.50107	
3.86341	4.6078	-1.4865	
3.8518	4.61285	-1.47329	
3.83945	4.61845	-1.46078	
3.82513	4.62548	-1.45171	
3.80904	4.63291	-1.44136	
3.79079	4.64093	-1.43036	
3.77386	4.64865	-1.41937	
3.75646	4.65727	-1.41146	
3.73968	4.66654	-1.40677	
3.72223	4.67666	-1.40452	
3.70421	4.68703	-1.40219	
3.68685	4.69704	-1.39861	
3.6698	4.70712	-1.39496	
3.65371	4.71732	-1.39295	
3.63835	4.7277	-1.3923	
3.62461	4.73765	-1.3918	
3.61247	4.74682	-1.38996	
3.60193	4.75542	-1.38748	
3.5921	4.76403	-1.38576	
3.58175	4.77305	-1.38439	
3.57067	4.78247	-1.38321	
3.55949	4.79177	-1.38067	
3.54837	4.80052	-1.37529	
3.53798	4.80826	-1.36586	
3.52859	4.81544	-1.35497	
3.51943	4.82281	-1.34555	
3.51035	4.83028	-1.33672	
3.50094	4.83796	-1.32836	
3.49099	4.84526	-1.31711	
3.48055	4.85216	-1.30302	
3.46977	4.85892	-1.28776	
3.45911	4.86569	-1.27232	
3.4491	4.8728	-1.2591	
3.43898	4.88076	-1.2498	
3.42906	4.88871	-1.24046	
3.4194	4.89647	-1.23026	
3.40916	4.90385	-1.21749	
3.39921	4.91105	-1.20441	
3.38921	4.91864	-1.19353	
3.37925	4.92668	-1.18491	
3.36957	4.93503	-1.17782	
3.36002	4.94323	-1.17075	
3.35133	4.95071	-1.16154	
3.34326	4.95758	-1.15075	
3.33577	4.96468	-1.14252	
3.32922	4.97176	-1.13544	
3.32307	4.97877	-1.12925	
3.31799	4.98518	-1.12235	
3.3131	4.99098	-1.11414	
3.30831	4.99643	-1.10574	
3.3041	5.00199	-1.0995	
3.29998	5.00747	-1.0938	
3.29718	5.01261	-1.08917	
3.29493	5.01691	-1.08249	
3.2942	5.02011	-1.07424	
3.29383	5.02222	-1.06285	
3.29425	5.02411	-1.0527	
3.29467	5.02597	-1.04354	
3.29508	5.02767	-1.03466	
3.29509	5.02916	-1.02561	
3.29466	5.02996	-1.01439	
3.29407	5.03054	-1.00334	
3.29354	5.03081	-0.992377	
3.29382	5.03108	-0.983583	
3.29495	5.03081	-0.97491	
3.29665	5.03028	-0.967282	
3.29885	5.02888	-0.958121	
3.30125	5.02666	-0.94737	
3.30369	5.02365	-0.934858	
3.30668	5.02026	-0.923199	
3.31032	5.01654	-0.912844	
3.31482	5.01202	-0.902172	
3.32016	5.00612	-0.888725	
3.32648	4.99922	-0.874368	
3.33383	4.99136	-0.859462	
3.34214	4.98328	-0.84696	
3.35133	4.97395	-0.832877	
3.36055	4.96373	-0.817455	
3.37004	4.95222	-0.799407	
3.38011	4.93945	-0.779341	
3.39018	4.92592	-0.758512	
3.40114	4.91237	-0.741048	
3.41277	4.89845	-0.725163	
3.42484	4.88443	-0.711429	
3.43669	4.86934	-0.695258	
3.44821	4.85396	-0.679424	
3.46012	4.83779	-0.663344	
3.47285	4.82158	-0.650847	
3.48562	4.80537	-0.640613	
3.4991	4.7886	-0.631825	
3.51225	4.77087	-0.621421	
3.52538	4.75311	-0.612796	
3.53895	4.73527	-0.606829	
3.55253	4.71805	-0.604713	
3.5664	4.70082	-0.604363	
3.58057	4.68244	-0.602168	
3.595	4.66344	-0.599596	
3.60928	4.64397	-0.597262	
3.62326	4.62426	-0.595775	
3.63766	4.60409	-0.595195	
3.65056	4.58344	-0.592519	
3.66129	4.56298	-0.588123	
3.66959	4.54258	-0.582275	
3.67662	4.52191	-0.576204	
3.68138	4.50176	-0.56987	
3.68261	4.48176	-0.560318	
3.68043	4.46242	-0.547912	
3.67468	4.44387	-0.533243	
3.66695	4.4256	-0.518093	
3.6578	4.40766	-0.502796	
3.64643	4.38935	-0.484726	
3.63317	4.37034	-0.46287	
3.61919	4.35048	-0.438174	
3.60414	4.33011	-0.411744	
3.59098	4.30953	-0.387926	
3.58128	4.28835	-0.367736	
3.57532	4.26562	-0.348832	
3.57407	4.24068	-0.330767	
3.57685	4.21355	-0.313445	
3.58226	4.18558	-0.298653	
3.59024	4.15707	-0.286563	
3.60095	4.12782	-0.277009	
3.61302	4.09853	-0.268654	
3.62532	4.0692	-0.259839	
3.63781	4.03987	-0.25154	
3.65253	4.00991	-0.24555	
3.6685	3.97907	-0.24064	
3.68549	3.94755	-0.236522	
3.70208	3.91469	-0.229383	
3.71786	3.88064	-0.219629	
3.73215	3.84658	-0.208483	
3.74509	3.81243	-0.196817	
3.75718	3.77902	-0.186046	
3.7666	3.74586	-0.172907	
3.77343	3.71271	-0.156865	
3.77714	3.68046	-0.138434	
3.77691	3.64878	-0.117242	
3.77363	3.61823	-0.0957829	
3.76603	3.58959	-0.0730936	
3.75352	3.56242	-0.0472572	
3.73658	3.53804	-0.0201894	
3.71756	3.51458	0.00822372	
3.69867	3.49118	0.036125	
3.68259	3.46805	0.0601339	
3.66909	3.44448	0.0814422	
3.65607	3.42052	0.102755	
3.64408	3.39652	0.123171	
3.632	3.37206	0.144463	
3.62211	3.34802	0.16236	
3.61393	3.32375	0.178377	
3.60686	3.29853	0.194464	
3.60023	3.27422	0.20969	
3.59486	3.24964	0.224731	
3.59338	3.22476	0.236417	
3.59663	3.1991	0.243794	
3.60396	3.17287	0.247297	
3.61371	3.14609	0.24946	
3.62463	3.11901	0.25163	
3.63531	3.09211	0.254288	
3.64627	3.06501	0.257241	
3.65798	3.03819	0.258772	
3.6691	3.01234	0.260064	
3.67993	2.9868	0.261819	
3.6896	2.96212	0.264287	
3.6984	2.93754	0.267978	
3.70753	2.91304	0.270877	
3.71583	2.88891	0.274086	
3.72282	2.86511	0.278494	
3.727	2.84165	0.286236	
3.72848	2.81861	0.296867	
3.72795	2.79588	0.309423	
3.72713	2.77309	0.322135	
3.72677	2.74966	0.334871	
3.7267	2.72584	0.347966	
3.72902	2.70062	0.360134	
3.73161	2.67463	0.3732	
3.73567	2.64745	0.385803	
3.74058	2.61926	0.398482	
3.74561	2.59069	0.411468	
3.74924	2.56228	0.426393	
3.75104	2.53345	0.444445	
3.75257	2.5056	0.462143	
3.75364	2.47798	0.480384	
3.75488	2.45113	0.497856	
3.75577	2.42526	0.515085	
3.75672	2.3994	0.532748	
3.75804	2.37423	0.549836	
3.76176	2.34878	0.564646	
3.76777	2.32356	0.576714	
3.77577	2.2987	0.586173	
3.7838	2.27465	0.595107	
3.79112	2.25152	0.604304	
3.79668	2.22941	0.615038	
3.8017	2.20871	0.62537	
3.80638	2.18964	0.634874	
3.81069	2.17175	0.643993	
3.81548	2.15438	0.652334	
3.81777	2.13877	0.662553	
3.81787	2.12435	0.674747	
3.81626	2.11136	0.688157	
3.81567	2.09858	0.700467	
3.81785	2.08576	0.709763	
3.823	2.07221	0.716334	
3.83017	2.05875	0.720703	
3.83786	2.04584	0.724265	
3.84578	2.0332	0.72767	
3.85389	2.02091	0.730965	
3.86249	2.00899	0.73391	
3.87183	1.99638	0.73708	
3.88078	1.98442	0.740712	
3.88875	1.97344	0.745288	
3.895	1.96275	0.752278	
3.90051	1.95254	0.760498	
3.90681	1.94168	0.768995	
3.91415	1.9306	0.776895	
3.9228	1.91866	0.784056	
3.93193	1.90648	0.790972	
3.94111	1.89398	0.798391	
3.95085	1.88119	0.805779	
3.96032	1.86887	0.813743	
3.96858	1.85709	0.823107	
3.97472	1.84578	0.834995	
3.98028	1.83549	0.847181	
3.98554	1.82593	0.859792	
3.99186	1.81532	0.87253	
3.99983	1.80434	0.883644	
4.00939	1.79284	0.892966	
4.01931	1.78098	0.901865	
4.03035	1.7692	0.909331	
4.04311	1.75648	0.915613	
4.05698	1.7439	0.920943	
4.07076	1.7317	0.926447	
4.08352	1.71978	0.93315	
4.09561	1.7088	0.940162	
4.10788	1.69734	0.94744	
4.12114	1.68585	0.954241	
4.13467	1.6744	0.961026	
4.14903	1.66237	0.967346	
4.16353	1.64991	0.973445	
4.17938	1.63712	0.977698	
4.19681	1.62319	0.98062	
4.21665	1.60893	0.980904	
4.23811	1.59354	0.980236	
4.25882	1.57893	0.979909	
4.27752	1.56551	0.981335	
4.29378	1.5523	0.985617	
4.31017	1.53984	0.989797	
4.32593	1.52782	0.995005	
4.34163	1.51529	1.00092	
4.35484	1.50416	1.00924	
4.36506	1.49345	1.02125	
4.37384	1.48381	1.03436	
4.38401	1.47382	1.04608	
4.39543	1.46218	1.05724	
4.40928	1.45022	1.06546	
4.42182	1.43853	1.07509	
4.43338	1.42703	1.08571	
4.44406	1.41613	1.09707	
4.45517	1.40489	1.10874	
4.46685	1.39369	1.12014	
4.47956	1.38152	1.13159	
4.49202	1.36993	1.14324	
4.50393	1.35818	1.15568	
4.51814	1.34548	1.16566	
4.53589	1.33108	1.17192	
4.55694	1.31493	1.17489	
4.57853	1.29827	1.1773	
4.60023	1.28146	1.17911	
4.62044	1.2653	1.18236	
4.64078	1.24836	1.18584	
4.66203	1.23127	1.1886	
4.68269	1.21428	1.19196	
4.70082	1.19878	1.19742	
4.7168	1.18416	1.20473	
4.73278	1.16977	1.21188	
4.75078	1.1546	1.2165	
4.76924	1.13851	1.22036	
4.78771	1.12304	1.22336	
4.80449	1.10832	1.2277	
4.81957	1.09453	1.23374	
4.83433	1.08074	1.24036	
4.84884	1.06725	1.24743	
4.86075	1.05455	1.25727	
4.8705	1.04309	1.26903	
4.87928	1.03133	1.28179	
4.88953	1.01917	1.29253	
4.90211	1.0055	1.30052	
4.91483	0.991182	1.30827	
4.92691	0.976714	1.3164	
4.93754	0.962192	1.32612	
4.94836	0.948029	1.33555	
4.96017	0.933727	1.3437	
4.97143	0.918837	1.35251	
4.98252	0.904695	1.36064	
4.99399	0.889764	1.36773	
5.00765	0.873898	1.37165	
5.02419	0.857042	1.37171	
5.04176	0.838969	1.37042	
5.05919	0.821849	1.36844	
5.07504	0.80552	1.36759	
5.08958	0.789585	1.36792	
5.10618	0.773745	1.36525	
5.12268	0.757555	1.36272	
5.13766	0.742448	1.36142	
5.15194	0.727295	1.36038	
5.16533	0.712484	1.35977	
5.18114	0.697086	1.35562	
5.19825	0.680787	1.34973	
5.21501	0.663645	1.34432	
5.23009	0.648236	1.34029	
5.24323	0.632637	1.33863	
5.25464	0.618476	1.33874	
5.26507	0.603887	1.34046	
5.27412	0.589538	1.34402	
5.28224	0.575994	1.34844	
5.28903	0.562602	1.35427	
5.29624	0.548619	1.35938	
5.30464	0.533215	1.36308	
5.31288	0.517504	1.36699	
5.32117	0.502152	1.37047	
5.32653	0.487786	1.3773	
5.33033	0.47415	1.38571	
5.33331	0.461292	1.3949	
5.33712	0.447708	1.40293	
5.34267	0.433803	1.40821	
5.3483	0.420261	1.41273	
5.35319	0.407556	1.41768	
5.35801	0.395336	1.42238	
5.36205	0.383888	1.42779	
5.36553	0.372643	1.43365	
5.3685	0.362675	1.43952	
5.37229	0.352834	1.44386	
5.37864	0.342227	1.44455	
5.38742	0.329776	1.44215	
5.39676	0.317217	1.43879	
5.40485	0.306053	1.43652	
5.41159	0.295349	1.43574	
5.41793	0.284753	1.43529	
5.42433	0.273726	1.43473	
5.43236	0.261079	1.43214	
5.4413	0.248328	1.428	
5.45188	0.234578	1.42152	
5.46353	0.21973	1.41354	
5.47612	0.20399	1.4043	
5.48916	0.187681	1.39449	
5.50062	0.172815	1.38639	
5.51037	0.158193	1.38034	
5.51945	0.144781	1.37487	
5.52841	0.130605	1.36959	
5.53763	0.116591	1.36386	
5.54696	0.102231	1.35778	
5.55629	0.0878511	1.35143	
5.56512	0.0740181	1.34551	
5.57379	0.0596725	1.33979	
5.58115	0.0461643	1.33568	
5.58621	0.0335917	1.33442	
5.58893	0.0224078	1.33599	
5.58857	0.0130984	1.34139	
5.5876	0.00395607	1.34756	
5.58739	-0.00565902	1.35271	
5.58824	-0.0153291	1.35629	
5.58757	-0.0236013	1.36163	
5.58508	-0.0319966	1.36932	
5.58099	-0.0385357	1.37895	
5.57744	-0.0454219	1.38788	
5.57364	-0.052333	1.39721	
5.56925	-0.0587212	1.40718	
5.56612	-0.0653336	1.41532	
5.56451	-0.0720967	1.42136	
5.56456	-0.0805348	1.42529	
5.56484	-0.0886485	1.42887	
5.56517	-0.0960407	1.43221	
5.56465	-0.10344	1.43659	
5.56522	-0.110162	1.43933	
5.56929	-0.11914	1.43746	
5.57594	-0.129872	1.43215	
5.58301	-0.140508	1.42612	
5.58918	-0.150604	1.42112	
5.59458	-0.160444	1.41704	
5.60002	-0.169604	1.41277	
5.60634	-0.179184	1.40729	
5.61159	-0.187654	1.40303	
5.61734	-0.1961	1.39796	
5.62573	-0.206171	1.38932	
5.63613	-0.216507	1.37792	
5.64758	-0.228269	1.36514	
5.65799	-0.239152	1.3536	
5.66666	-0.248582	1.34421	
5.67489	-0.258063	1.33534	
5.68248	-0.26659	1.32722	
5.68886	-0.275361	1.32069	
5.69461	-0.282676	1.31482	
5.70001	-0.290828	1.30938	
5.70712	-0.299193	1.30155	
5.71437	-0.307642	1.29348	
5.72066	-0.316065	1.28662	
5.72537	-0.323349	1.28173	
5.72657	-0.32886	1.28139	
5.72641	-0.333222	1.28273	
5.72511	-0.337391	1.28553	
5.72382	-0.341209	1.2882	
5.72285	-0.34499	1.29033	
5.721	-0.348072	1.29351	
5.71847	-0.350339	1.29745	
5.71463	-0.351825	1.30303	
5.711	-0.353567	1.30826	
5.70522	-0.353765	1.3162	
5.69868	-0.353463	1.32505	
5.69265	-0.353229	1.33311	
5.68929	-0.354463	1.33757	
5.68663	-0.35584	1.34097	
5.68378	-0.356517	1.34451	
5.68092	-0.356295	1.34788	
5.67726	-0.355484	1.35223	
5.67476	-0.354561	1.35489	
5.67618	-0.35655	1.35231	
5.68049	-0.359459	1.34577	
5.68541	-0.362067	1.33829	
5.68972	-0.365013	1.33158	
5.69509	-0.367064	1.32324	
5.70146	-0.370567	1.31352	
5.70714	-0.373407	1.30458	
5.713	-0.375658	1.2953	
5.71912	-0.378632	1.28564	
5.72739	-0.382423	1.27305	
5.73743	-0.387379	1.25802	
5.74759	-0.391963	1.24271	
5.75667	-0.396171	1.22878	
5.76442	-0.399405	1.21655	
5.77057	-0.402674	1.2064	
5.77692	-0.406035	1.19587	
5.78228	-0.40928	1.18659	
5.78773	-0.412054	1.17713	
5.79396	-0.414476	1.16656	
5.80051	-0.417518	1.15551	
5.80754	-0.421253	1.14373	
5.8134	-0.424844	1.13343	
5.81683	-0.426358	1.12623	
5.81699	-0.425219	1.12322	
5.81544	-0.42464	1.12249	
5.8129	-0.423675	1.12296	
5.81069	-0.422916	1.12288	
5.80764	-0.422289	1.12395	
5.80389	-0.420724	1.12585	
5.7993	-0.419122	1.12879	
5.79322	-0.416146	1.13352	
5.78676	-0.413534	1.13868	
5.77839	-0.409466	1.14627	
5.77092	-0.40624	1.15277	
5.76456	-0.403536	1.15776	
5.75921	-0.400775	1.16129	
5.75467	-0.399284	1.16373	
5.74973	-0.397732	1.1667	
5.74435	-0.395126	1.17024	
5.73923	-0.393721	1.17355	
5.73757	-0.393567	1.17228	
5.73843	-0.395345	1.16769	
5.74043	-0.397491	1.16162	
5.74164	-0.399108	1.15665	
5.74252	-0.400535	1.15214	
5.74319	-0.401619	1.14789	
5.74502	-0.403191	1.14203	
5.74764	-0.404908	1.13507	
5.75165	-0.406239	1.1263	
5.75728	-0.408977	1.11553	
5.76424	-0.412573	1.10303	
5.77066	-0.415744	1.09123	
5.7781	-0.420941	1.07815	
5.78443	-0.42459	1.06645	
5.79009	-0.427379	1.05567	
5.79402	-0.429995	1.04726	
5.79721	-0.432214	1.03979	
5.80117	-0.436231	1.03135	
5.80568	-0.440035	1.02216	
5.81184	-0.444838	1.01088	
5.81691	-0.449611	1.00118	
5.82105	-0.453878	0.992738	
5.82519	-0.457928	0.984238	
5.82766	-0.462537	0.978014	
5.82931	-0.465302	0.972782	
5.8297	-0.467205	0.969278	
5.82669	-0.467606	0.970397	
5.82488	-0.468084	0.969938	
5.82367	-0.468961	0.968734	
5.82095	-0.469469	0.969628	
5.81708	-0.470102	0.972191	
5.80885	-0.467875	0.980635	
5.79854	-0.464267	0.991899	
5.78803	-0.460949	1.00352	
5.77905	-0.457719	1.01311	
5.77024	-0.454906	1.0226	
5.76126	-0.452963	1.03249	
5.75146	-0.449443	1.04351	
5.74195	-0.445428	1.05418	
5.73418	-0.442333	1.06255	
5.72894	-0.440157	1.06761	
5.72783	-0.439485	1.06724	
5.72889	-0.44058	1.06415	
5.73216	-0.442164	1.05816	
5.73519	-0.443441	1.05256	
5.74017	-0.446403	1.04448	
5.74507	-0.449011	1.03659	
5.7492	-0.451167	1.02985	
5.75348	-0.45402	1.02308	
5.75967	-0.457658	1.01389	
5.76843	-0.462456	1.00136	
5.77848	-0.467872	0.987193	
5.78719	-0.472794	0.974924	
5.79429	-0.477145	0.964919	
5.79949	-0.480139	0.957522	
5.80485	-0.482531	0.949949	
5.81059	-0.485339	0.941974	
5.81695	-0.488036	0.933228	
5.82397	-0.49086	0.923687	
5.83092	-0.494868	0.914402	
5.83535	-0.497941	0.908597	
5.84003	-0.501177	0.902542	
5.84419	-0.503718	0.897244	
5.84751	-0.505247	0.893137	
5.84845	-0.506193	0.892323	
5.84561	-0.505633	0.896685	
5.84189	-0.504581	0.902307	
5.83885	-0.503984	0.907119	
5.83629	-0.503262	0.911389	
5.83354	-0.502054	0.915985	
5.82955	-0.499656	0.922322	
5.82287	-0.495369	0.932328	
5.8139	-0.489939	0.945479	
5.8057	-0.484671	0.957698	
5.79942	-0.480427	0.967444	
5.79388	-0.477206	0.976365	
5.78906	-0.474113	0.984399	
5.78451	-0.471327	0.992148	
5.7791	-0.467144	1.00106	
5.77422	-0.463903	1.00935	
5.77141	-0.461975	1.01494	
5.77007	-0.46123	1.01863	
5.77203	-0.462897	1.01807	
5.77491	-0.462685	1.01616	
5.7771	-0.46141	1.01519	
5.77812	-0.460374	1.01583	
5.77866	-0.458945	1.01711	
5.78182	-0.459643	1.01499	
5.78764	-0.462176	1.00933	
5.79474	-0.465146	1.00195	
5.80172	-0.468856	0.994801	
5.80568	-0.471219	0.99168	
5.8092	-0.472751	0.989111	
5.81398	-0.474513	0.984891	
5.81967	-0.476804	0.979565	
5.82656	-0.480229	0.972721	
5.83398	-0.484431	0.965181	
5.84137	-0.489385	0.957696	
5.84767	-0.496076	0.951768	
5.85349	-0.501903	0.94648	
5.85861	-0.507216	0.942207	
5.8634	-0.512439	0.938488	
5.86674	-0.516314	0.936783	
5.86904	-0.519753	0.936537	
5.8704	-0.521772	0.937514	
5.87121	-0.523898	0.939263	
5.87214	-0.526769	0.940928	
5.87215	-0.528414	0.943856	
5.872	-0.530191	0.947079	
5.87046	-0.529848	0.952138	
5.86627	-0.527671	0.960716	
5.86097	-0.524016	0.970674	
5.85644	-0.521739	0.979597	
5.8518	-0.519208	0.988642	
5.84657	-0.516341	0.998462	
5.84122	-0.513529	1.00842	
5.8355	-0.510638	1.01882	
5.82948	-0.506591	1.02943	
5.82502	-0.503242	1.03783	
5.82223	-0.499903	1.04389	
5.82086	-0.497912	1.04801	
5.81912	-0.496921	1.05267	
5.81658	-0.495669	1.05833	
5.81427	-0.493789	1.06354	
5.81355	-0.491938	1.06646	
5.81467	-0.490897	1.06679	
5.8176	-0.490242	1.06462	
5.82145	-0.490442	1.0612	
5.8256	-0.490549	1.05732	
5.82869	-0.491607	1.05488	
5.83181	-0.493209	1.05235	
5.83697	-0.495916	1.04702	
5.84435	-0.500133	1.03865	
5.85414	-0.505068	1.02695	
5.8633	-0.510064	1.01607	
5.87173	-0.516349	1.00623	
5.87996	-0.522251	0.996623	
5.88699	-0.52865	0.98866	
5.89182	-0.532764	0.983495	
5.894	-0.534975	0.981757	
5.89535	-0.536789	0.981058	
5.89691	-0.539181	0.980057	
5.89863	-0.541206	0.978775	
5.89909	-0.542704	0.979149	
5.89628	-0.541932	0.983792	
5.88961	-0.53847	0.993495	
5.87866	-0.532868	1.00884	
5.86583	-0.526071	1.02658	
5.85308	-0.520629	1.04421	
5.84012	-0.513897	1.06199	
5.82814	-0.507569	1.07837	
5.81799	-0.501403	1.09216	
5.80929	-0.495702	1.10389	
5.80071	-0.490528	1.11539	
5.79143	-0.486382	1.12784	
5.78292	-0.483117	1.1392	
5.7765	-0.48111	1.1477	
5.77234	-0.479586	1.15305	
5.77075	-0.47884	1.15484	
5.77005	-0.478733	1.15539	
5.76959	-0.479251	1.1556	
5.76967	-0.478951	1.15493	
5.77091	-0.47922	1.15266	
5.7713	-0.478262	1.1514	
5.77206	-0.478095	1.14962	
5.77542	-0.478612	1.14427	
5.78161	-0.480062	1.13507	
5.78932	-0.481876	1.12378	
5.79588	-0.482689	1.11393	
5.80097	-0.482514	1.10599	
5.80405	-0.481291	1.10068	
5.80802	-0.480346	1.09412	
5.8149	-0.480577	1.08358	
5.82471	-0.482764	1.06911	
5.83505	-0.485106	1.05388	
5.84272	-0.487311	1.04228	
5.84562	-0.487795	1.03704	
5.84688	-0.487259	1.03392	
5.84765	-0.486739	1.03138	
5.84662	-0.484227	1.03106	
5.84483	-0.482838	1.0318	
5.84066	-0.479529	1.03561	
5.83384	-0.475543	1.04296	
5.82455	-0.471266	1.05361	
5.81266	-0.46539	1.06767	
5.79887	-0.45921	1.08429	
5.78468	-0.452822	1.10139	
5.77137	-0.445905	1.1172	
5.76145	-0.440583	1.12844	
5.753	-0.434216	1.13751	
5.74278	-0.427304	1.14895	
5.73151	-0.420222	1.16186	
5.72052	-0.41288	1.17439	
5.71086	-0.407462	1.18525	
5.70345	-0.401373	1.19291	
5.69773	-0.3939	1.1981	
5.69227	-0.386869	1.20296	
5.68811	-0.379764	1.20607	
5.68743	-0.37543	1.20467	
5.68832	-0.371318	1.20115	
5.68871	-0.367011	1.19833	
5.68721	-0.36246	1.19811	
5.68454	-0.357508	1.19944	
5.68549	-0.353421	1.19587	
5.69149	-0.352431	1.18559	
5.69944	-0.352458	1.17273	
5.70569	-0.352765	1.1622	
5.709	-0.352529	1.15566	
5.71146	-0.351371	1.15025	
5.7154	-0.350161	1.1428	
5.72026	-0.347862	1.13398	
5.72514	-0.346817	1.12524	
5.72994	-0.347228	1.11672	
5.73486	-0.347769	1.10797	
5.73982	-0.348071	1.09916	
5.7408	-0.345753	1.09558	
5.73633	-0.340988	1.09932	
5.72932	-0.335226	1.10651	
5.72218	-0.329291	1.11386	
5.71752	-0.325213	1.11794	
5.71168	-0.320438	1.12357	
5.70296	-0.313782	1.13299	
5.69183	-0.305433	1.14563	
5.68031	-0.29493	1.15868	
5.6714	-0.286614	1.16839	
5.66359	-0.278734	1.17666	
5.65521	-0.271465	1.18573	
5.6469	-0.26376	1.19469	
5.63949	-0.256205	1.2024	
5.63661	-0.249044	1.204	
5.63622	-0.242972	1.20234	
5.63381	-0.236449	1.20349	
5.63044	-0.229542	1.20598	
5.62797	-0.22347	1.20732	
5.62747	-0.218301	1.20603	
5.62785	-0.213764	1.20362	
5.62928	-0.209312	1.19987	
5.63126	-0.206653	1.19558	
5.63342	-0.203485	1.19104	
5.63398	-0.199762	1.18871	
5.63132	-0.194417	1.19072	
5.62738	-0.188708	1.19447	
5.62422	-0.184348	1.19732	
5.62564	-0.181764	1.19405	
5.62747	-0.178826	1.19025	
5.62755	-0.175414	1.18883	
5.62572	-0.171468	1.19003	
5.62219	-0.166011	1.19348	
5.61919	-0.160387	1.19625	
5.61654	-0.155948	1.19866	
5.61398	-0.152476	1.20106	
5.61109	-0.149837	1.20401	
5.60904	-0.147023	1.20583	
5.60742	-0.143981	1.20706	
5.6024	-0.138986	1.21287	
5.59572	-0.133196	1.22091	
5.59128	-0.12917	1.22609	
5.59106	-0.126706	1.22565	
5.59253	-0.125187	1.22303	
5.59235	-0.121953	1.22257	
5.59055	-0.11808	1.22435	
5.58967	-0.113812	1.22491	
5.59156	-0.110662	1.22184	
5.5952	-0.109243	1.21658	
5.59723	-0.10644	1.21348	
5.59815	-0.104114	1.21202	
5.59831	-0.100923	1.2116	
5.59855	-0.0974916	1.21113	
5.59854	-0.0931045	1.21102	
5.59818	-0.0891054	1.21146	
5.59669	-0.0856128	1.21355	
5.59551	-0.081089	1.21522	
5.59479	-0.077471	1.21639	
5.59227	-0.0728195	1.22004	
5.58631	-0.0668316	1.22834	
5.57977	-0.0599809	1.23744	
5.57389	-0.0547502	1.24579	
5.56858	-0.050325	1.25347	
5.56144	-0.045493	1.26369	
5.55234	-0.0402497	1.27665	
5.54284	-0.0346955	1.29021	
5.5363	-0.0316776	1.29995	
5.53147	-0.0293716	1.30746	
5.52532	-0.0277776	1.31685	
5.51709	-0.0260192	1.32913	
5.50795	-0.0241042	1.34268	
5.50127	-0.0232242	1.35307	
5.49739	-0.0227713	1.3598	
5.49458	-0.0229964	1.36518	
5.49383	-0.024521	1.36792	
5.49489	-0.0268089	1.36833	
5.49714	-0.0304164	1.3673	
5.50099	-0.0328826	1.36419	
5.50584	-0.0347772	1.35984	
5.51114	-0.0363397	1.35498	
5.5201	-0.0386507	1.34531	
5.53083	-0.0425836	1.3334	
5.54092	-0.0463278	1.32243	
5.54828	-0.0493331	1.3152	
5.5536	-0.0494699	1.31073	
5.55751	-0.0489034	1.30829	
5.56241	-0.0490771	1.30468	
5.56683	-0.0497437	1.30182	
5.56814	-0.0501448	1.30318	
5.56493	-0.0492779	1.31063	
5.56033	-0.0478598	1.32005	
5.5576	-0.046784	1.32715	
5.55272	-0.0448599	1.33726	
5.54569	-0.0429757	1.35033	
5.53548	-0.0406098	1.36767	
5.52491	-0.0392387	1.38552	
5.51531	-0.0395227	1.40222	
5.50484	-0.0383282	1.42019	
5.49233	-0.0359149	1.44093	
5.47983	-0.0357301	1.4617	
5.46762	-0.0363387	1.48204	
5.45572	-0.0368069	1.50198	
5.44505	-0.0378607	1.52034	
5.43381	-0.0368315	1.53952	
5.42361	-0.0351131	1.55736	
5.41662	-0.0353248	1.57102	
5.41506	-0.0376218	1.57757	
5.41578	-0.0420585	1.58124	
5.4163	-0.0455596	1.58527	
5.41577	-0.0483773	1.59081	
5.41665	-0.0515601	1.59463	
5.42327	-0.0574947	1.59099	
5.43535	-0.0669959	1.5802	
5.44784	-0.0768962	1.56888	
5.45736	-0.0854862	1.56141	
5.46638	-0.0941353	1.5546	
5.47716	-0.104583	1.54558	
5.48908	-0.116702	1.53514	
5.49987	-0.129226	1.52615	
5.50793	-0.140852	1.52057	
5.51343	-0.151813	1.51823	
5.51847	-0.163002	1.51652	
5.52343	-0.17431	1.51503	
5.52603	-0.184846	1.51673	
5.52267	-0.192271	1.52622	
5.51363	-0.197718	1.54313	
5.50214	-0.202473	1.56315	
5.49037	-0.207844	1.58359	
5.47903	-0.213048	1.6036	
5.46488	-0.215952	1.62743	
5.44599	-0.21643	1.65748	
5.42631	-0.218176	1.68827	
5.40759	-0.220342	1.7177	
5.38993	-0.223861	1.74564	
5.37323	-0.227516	1.77234	
5.35598	-0.230347	1.7998	
5.34037	-0.234783	1.8248	
5.32885	-0.241827	1.84422	
5.32001	-0.251292	1.8599	
5.31348	-0.26326	1.8724	
5.30834	-0.275237	1.88304	
5.3056	-0.288741	1.89029	
5.30546	-0.305202	1.89365	
5.30777	-0.32348	1.89345	
5.31186	-0.343447	1.89062	
5.3163	-0.36286	1.88723	
5.32033	-0.382545	1.88407	
5.32406	-0.401895	1.88095	
5.32961	-0.42213	1.87505	
5.33838	-0.444782	1.86447	
5.34671	-0.467633	1.85419	
5.35175	-0.489133	1.84793	
5.35303	-0.507859	1.84641	
5.35122	-0.524362	1.84877	
5.35103	-0.542005	1.84867	
5.35329	-0.561651	1.84497	
5.35313	-0.580635	1.84411	
5.35059	-0.598557	1.8461	
5.34237	-0.613874	1.85521	
5.33118	-0.628285	1.86783	
5.32089	-0.645459	1.87859	
5.31135	-0.664396	1.88776	
5.29901	-0.682274	1.90018	
5.28163	-0.698755	1.91866	
5.26039	-0.713894	1.94173	
5.23927	-0.730994	1.96383	
5.21916	-0.748909	1.98405	
5.19971	-0.767509	2.00287	
5.18006	-0.786728	2.02129	
5.15818	-0.805174	2.0421	
5.13618	-0.822845	2.06272	
5.11659	-0.842484	2.07944	
5.10065	-0.864953	2.09058	
5.08605	-0.888544	2.09932	
5.06988	-0.910164	2.10987	
5.05367	-0.92955	2.12051	
5.03861	-0.950555	2.12883	
5.02678	-0.97412	2.13216	
5.01779	-0.998103	2.13156	
5.00781	-1.0208	2.13194	
4.99464	-1.04059	2.13664	
4.98202	-1.0615	2.13979	
4.97082	-1.08398	2.14029	
4.96064	-1.10712	2.13894	
4.95047	-1.12965	2.13738	
4.93886	-1.15173	2.13725	
4.92646	-1.1735	2.1377	
4.91293	-1.19494	2.13896	
4.9004	-1.21684	2.13836	
4.88949	-1.23855	2.13559	
4.87823	-1.26011	2.13303	
4.86691	-1.28137	2.13022	
4.85214	-1.30209	2.13086	
4.83487	-1.32224	2.13399	
4.81628	-1.34307	2.13793	
4.79816	-1.36337	2.14104	
4.78069	-1.38388	2.14295	
4.76053	-1.40344	2.1478	
4.73925	-1.42347	2.15306	
4.7173	-1.44389	2.15839	
4.69308	-1.46418	2.16586	
4.6689	-1.48482	2.173	
4.64607	-1.50541	2.17841	
4.62273	-1.52637	2.18358	
4.59897	-1.54914	2.18772	
4.57305	-1.57246	2.19335	
4.54701	-1.5953	2.19897	
4.52153	-1.61836	2.20371	
4.49656	-1.64143	2.20743	
4.47185	-1.6664	2.20906	
4.44601	-1.69175	2.21088	
4.41931	-1.7169	2.21314	
4.393	-1.73955	2.21603	
4.36768	-1.76057	2.21852	
4.34188	-1.78177	2.22103	
4.31734	-1.80389	2.22096	
4.29273	-1.82598	2.22034	
4.26929	-1.84623	2.21908	
4.24699	-1.86427	2.21798	
4.22627	-1.88149	2.21576	
4.20616	-1.89843	2.21265	
4.18639	-1.91686	2.20781	
4.16566	-1.93634	2.20296	
4.14483	-1.95355	2.19958	
4.12544	-1.9694	2.196	
4.10749	-1.98491	2.19143	
4.09055	-2.00296	2.18418	
4.07334	-2.02322	2.1755	
4.05459	-2.04323	2.16827	
4.03551	-2.06326	2.16126	
4.01667	-2.08111	2.15566	
3.99682	-2.09849	2.15181	
3.97655	-2.1142	2.14944	
3.95513	-2.13068	2.14727	
3.93161	-2.14794	2.14617	
3.90704	-2.16481	2.14603	
3.88141	-2.18024	2.14787	
3.85453	-2.19339	2.15255	
3.82645	-2.20415	2.16021	
3.79501	-2.21433	2.17125	
3.76204	-2.22499	2.18313	
3.72776	-2.23637	2.19513	
3.69511	-2.24883	2.20459	
3.6633	-2.26119	2.21317	
3.62978	-2.27339	2.22355	
3.5964	-2.28512	2.23408	
3.56423	-2.29679	2.24331	
3.53524	-2.30939	2.24885	
3.51006	-2.32312	2.2499	
3.48562	-2.33701	2.24998	
3.46123	-2.35151	2.24944	
3.43741	-2.36649	2.24785	
3.41487	-2.38302	2.24397	
3.39559	-2.39888	2.23786	
3.37809	-2.41389	2.23106	
3.36046	-2.4287	2.22475	
3.34271	-2.44368	2.21843	
3.3252	-2.45952	2.2111	
3.3095	-2.47695	2.20092	
3.29595	-2.49453	2.18888	
3.2855	-2.51007	2.17615	
3.27425	-2.5229	2.16668	
3.26224	-2.53374	2.15986	
3.24886	-2.54654	2.15274	
3.23438	-2.56115	2.14511	
3.21922	-2.57756	2.13663	
3.20478	-2.59345	2.12818	
3.19107	-2.60869	2.11988	
3.17585	-2.62341	2.11355	
3.15866	-2.63654	2.11051	
3.13868	-2.64756	2.11195	
3.11705	-2.65647	2.11693	
3.09636	-2.66395	2.12258	
3.07626	-2.67156	2.12781	
3.05364	-2.67953	2.13504	
3.02938	-2.68826	2.14317	
3.00321	-2.69747	2.15272	
2.97564	-2.70747	2.16293	
2.95105	-2.7185	2.16989	
2.92547	-2.72997	2.17749	
2.89936	-2.73977	2.18739	
2.8715	-2.74905	2.19947	
2.84322	-2.75784	2.21253	
2.81869	-2.76746	2.22182	
2.79786	-2.77764	2.22764	
2.7786	-2.78826	2.23187	
2.75896	-2.79691	2.2386	
2.73897	-2.80521	2.24616	
2.71982	-2.81532	2.2514	
2.70351	-2.8273	2.25256	
2.6914	-2.83928	2.25048	
2.68147	-2.8507	2.24739	
2.67299	-2.86023	2.24535	
2.66465	-2.869	2.24426	
2.65738	-2.87796	2.2424	
2.65085	-2.88658	2.24062	
2.6473	-2.89469	2.23728	
2.64627	-2.90343	2.23158	
2.6463	-2.91283	2.22462	
2.64507	-2.92449	2.21656	
2.64175	-2.93824	2.20828	
2.63582	-2.95351	2.2007	
2.6268	-2.97106	2.19339	
2.61744	-2.98917	2.18594	
2.60936	-3.00569	2.1794	
2.59995	-3.02082	2.17572	
2.58758	-3.03506	2.17561	
2.5733	-3.04907	2.17748	
2.55741	-3.06342	2.18043	
2.54242	-3.07697	2.18389	
2.52896	-3.08969	2.18728	
2.51362	-3.10208	2.19272	
2.49847	-3.11432	2.1985	
2.48253	-3.12801	2.2036	
2.46679	-3.14177	2.20892	
2.4543	-3.15547	2.21202	
2.44236	-3.16775	2.21657	
2.43208	-3.17976	2.22042	
2.4217	-3.19293	2.22313	
2.41054	-3.20785	2.22447	
2.39929	-3.22299	2.22557	
2.39182	-3.23727	2.22496	
2.3875	-3.24902	2.22513	
2.38356	-3.25919	2.22713	
2.37938	-3.26858	2.23048	
2.37633	-3.27788	2.2335	
2.37358	-3.28703	2.23683	
2.3728	-3.29461	2.24078	
2.37499	-3.29914	2.24638	
2.37749	-3.30182	2.25444	
2.38042	-3.30457	2.26254	
2.38212	-3.30851	2.27047	
2.38222	-3.31223	2.28029	
2.3823	-3.31606	2.29017	
2.38357	-3.31874	2.30066	
2.38583	-3.32183	2.31003	
2.38623	-3.32721	2.31779	
2.38468	-3.33415	2.3253	
2.38207	-3.3421	2.33249	
2.37902	-3.34996	2.34029	
2.37704	-3.35809	2.34708	
2.3773	-3.36671	2.3517	
2.37729	-3.37693	2.35488	
2.37728	-3.38875	2.35633	
2.37565	-3.4012	2.35851	
2.37302	-3.41336	2.3621	
2.37226	-3.42428	2.36591	
2.37332	-3.43536	2.36798	
2.3751	-3.44839	2.36694	
2.3759	-3.46272	2.36477	
2.37473	-3.47721	2.36389	
2.37341	-3.49122	2.36382	
2.37231	-3.5036	2.36582	
2.37352	-3.51615	2.36582	
2.37508	-3.53058	2.36268	
2.3759	-3.54554	2.35963	
2.37535	-3.55965	2.35903	
2.3748	-3.57311	2.35965	
2.37415	-3.58569	2.36172	
2.37714	-3.59837	2.36108	
2.3799	-3.61065	2.36114	
2.37948	-3.62276	2.3635	
2.37626	-3.6342	2.36846	
2.36811	-3.64498	2.37758	
2.36072	-3.65487	2.38731	
2.35457	-3.66461	2.39612	
2.3495	-3.67388	2.40508	
2.3441	-3.68275	2.4148	
2.33634	-3.69051	2.4278	
2.33001	-3.69726	2.4412	
2.32669	-3.70401	2.45237	
2.3271	-3.71087	2.4612	
2.32871	-3.71841	2.46826	
2.32973	-3.72529	2.47685	
2.32935	-3.73106	2.48783	
2.3313	-3.73718	2.49631	
2.33616	-3.74493	2.49998	
2.34291	-3.75422	2.49977	
2.34926	-3.7629	2.50059	
2.3552	-3.77053	2.5032	
2.36133	-3.77837	2.5052	
2.36918	-3.7869	2.50476	
2.38097	-3.79546	2.5014	
2.39397	-3.80384	2.49743	
2.40665	-3.81165	2.49474	
2.4191	-3.81964	2.49181	
2.42965	-3.82868	2.48837	
2.43972	-3.83799	2.48463	
2.45123	-3.84762	2.47927	
2.46229	-3.85728	2.47376	
2.46959	-3.86691	2.47036	
2.47368	-3.87566	2.47008	
2.47288	-3.88397	2.47363	
2.47103	-3.89245	2.47729	
2.4701	-3.90146	2.47936	
2.46934	-3.91035	2.48149	
2.46806	-3.9179	2.48608	
2.46384	-3.92414	2.4946	
2.45962	-3.93181	2.50048	
2.45808	-3.94091	2.50189	
2.4567	-3.95055	2.50192	
2.45478	-3.95931	2.50335	
2.4503	-3.96639	2.50871	
2.44541	-3.97353	2.51391	
2.44453	-3.98181	2.51443	
2.44705	-3.9903	2.51225	
2.45206	-3.99825	2.50924	
2.45614	-4.00467	2.50915	
2.46025	-4.00978	2.51092	
2.46606	-4.01556	2.51018	
2.47546	-4.02189	2.50598	
2.48688	-4.02902	2.49891	
2.4976	-4.03616	2.49192	
2.50597	-4.04234	2.4876	
2.51458	-4.04861	2.48269	
2.52497	-4.05576	2.47489	
2.53762	-4.06362	2.46422	
2.55143	-4.07097	2.45348	
2.56284	-4.07616	2.44763	
2.57254	-4.08077	2.44348	
2.57862	-4.08514	2.44147	
2.58454	-4.09164	2.43558	
2.5918	-4.0996	2.426	
2.59882	-4.10697	2.41733	
2.60281	-4.11304	2.41231	
2.60471	-4.11947	2.40763	
2.60509	-4.1276	2.40061	
2.60819	-4.13672	2.38998	
2.612	-4.14515	2.37989	
2.61373	-4.15186	2.37372	
2.61413	-4.15632	2.37199	
2.6131	-4.16089	2.37067	
2.6136	-4.16824	2.36337	
2.61492	-4.17667	2.35342	
2.6169	-4.1844	2.34404	
2.61795	-4.1906	2.33757	
2.61785	-4.19568	2.33345	
2.61917	-4.20212	2.32597	
2.62317	-4.20912	2.31577	
2.62953	-4.21566	2.30476	
2.63572	-4.22073	2.29622	
2.64066	-4.22432	2.29079	
2.64481	-4.22804	2.28535	
2.65105	-4.2325	2.27725	
2.65847	-4.23738	2.26747	
2.66479	-4.24147	2.25948	
2.66895	-4.24449	2.25436	
2.67111	-4.24725	2.25059	
2.67336	-4.25015	2.24633	
2.67751	-4.25346	2.24012	
2.68422	-4.25682	2.23218	
2.69041	-4.25884	2.22667	
2.6961	-4.25962	2.22342	
2.6991	-4.26072	2.22094	
2.70301	-4.26272	2.21618	
2.71037	-4.2657	2.20759	
2.71799	-4.26832	2.19932	
2.72446	-4.27032	2.1926	
2.72889	-4.27194	2.18752	
2.73256	-4.27405	2.18186	
2.73886	-4.27712	2.17287	
2.74857	-4.27969	2.16273	
2.75929	-4.28104	2.15401	
2.76824	-4.28157	2.14755	
2.7759	-4.28201	2.14184	
2.78174	-4.2834	2.13535	
2.78803	-4.28499	2.12813	
2.79664	-4.28596	2.12059	
2.80532	-4.28751	2.1119	
2.81095	-4.28977	2.10354	
2.81498	-4.29211	2.09582	
2.81765	-4.29376	2.08992	
2.82173	-4.29445	2.0848	
2.82722	-4.29538	2.07837	
2.8306	-4.29767	2.07062	
2.83024	-4.30046	2.06403	
2.82574	-4.30232	2.06126	
2.81976	-4.30332	2.06072	
2.81372	-4.3044	2.05999	
2.80846	-4.30647	2.05703	
2.80377	-4.30899	2.05288	
2.79792	-4.31156	2.04918	
2.79165	-4.31346	2.04679	
2.78776	-4.31438	2.04469	
2.78861	-4.31514	2.04014	
2.79104	-4.31616	2.03417	
2.79203	-4.31733	2.02867	
2.79152	-4.31844	2.02404	
2.7904	-4.31932	2.0201	
2.79244	-4.31977	2.01512	
2.79873	-4.31896	2.00989	
2.80691	-4.3187	2.00261	
2.81382	-4.3186	1.99572	
2.8224	-4.31911	1.98676	
2.83059	-4.3195	1.97813	
2.84054	-4.31876	1.97046	
2.85526	-4.31661	1.96256	
2.87089	-4.3142	1.95459	
2.88459	-4.31329	1.94506	
2.89604	-4.31336	1.93508	
2.9046	-4.31401	1.92562	
2.912	-4.31417	1.91767	
2.91922	-4.31366	1.91099	
2.92691	-4.3128	1.90466	
2.93425	-4.31283	1.89695	
2.93721	-4.31392	1.88979	
2.9379	-4.31503	1.88377	
2.93604	-4.31643	1.87868	
2.9321	-4.31697	1.87627	
2.92905	-4.31744	1.87352	
2.9235	-4.31841	1.87133	
2.91616	-4.32039	1.8684	
2.90661	-4.32285	1.86586	
2.89502	-4.32511	1.86482	
2.88644	-4.32618	1.8642	
2.88152	-4.32608	1.8636	
2.87745	-4.32561	1.86313	
2.873	-4.32569	1.8619	
2.86904	-4.32629	1.85945	
2.8661	-4.3273	1.8558	
2.8678	-4.32803	1.85009	
2.8706	-4.32804	1.8451	
2.874	-4.32707	1.84157	
2.87693	-4.32644	1.8377	
2.87869	-4.3267	1.83301	
2.88246	-4.32725	1.82668	
2.88973	-4.32741	1.81911	
2.90129	-4.32581	1.81229	
2.91468	-4.323	1.80658	
2.92589	-4.32019	1.80219	
2.93388	-4.31918	1.79651	
2.94061	-4.31919	1.78981	
2.94709	-4.31933	1.78309	
2.95555	-4.32001	1.7744	
2.96411	-4.3205	1.76605	
2.97118	-4.32133	1.758	
2.97362	-4.32282	1.75148	
2.97228	-4.32404	1.74761	
2.97009	-4.32553	1.74377	
2.96735	-4.32746	1.73952	
2.96546	-4.33015	1.73353	
2.96132	-4.33276	1.72905	
2.95285	-4.33506	1.72763	
2.94282	-4.33791	1.7262	
2.93028	-4.34204	1.72399	
2.92033	-4.34657	1.71964	
2.91212	-4.35187	1.71304	
2.90423	-4.35616	1.70813	
2.89551	-4.35979	1.7049	
2.88628	-4.36259	1.70349	
2.87753	-4.36573	1.70128	
2.87225	-4.36918	1.69665	
2.87081	-4.37233	1.69046	
2.87051	-4.37488	1.68479	
2.86939	-4.37706	1.68032	
2.86845	-4.37928	1.67579	
2.86788	-4.38193	1.67033	
2.86814	-4.38557	1.66274	
2.87288	-4.38835	1.65425	
2.8794	-4.39102	1.64503	
2.8871	-4.39377	1.63505	
2.8953	-4.39649	1.62492	
2.90168	-4.39867	1.61687	
2.90542	-4.40126	1.60964	
2.90966	-4.4034	1.60302	
2.91561	-4.40556	1.59549	
2.92152	-4.40912	1.58554	
2.92608	-4.41315	1.57557	
2.92691	-4.41717	1.56778	
2.92546	-4.42049	1.56257	
2.92289	-4.42311	1.55934	
2.92135	-4.42651	1.55419	
2.92182	-4.43106	1.5459	
2.91912	-4.43574	1.53923	
2.91442	-4.43979	1.53485	
2.90562	-4.44378	1.53292	
2.8954	-4.44767	1.53203	
2.88731	-4.45195	1.52927	
2.87936	-4.45748	1.5242	
2.87141	-4.46251	1.52008	
2.86314	-4.46651	1.51806	
2.85484	-4.46975	1.51747	
2.84969	-4.4724	1.51624	
2.84771	-4.47577	1.512	
2.8476	-4.47952	1.50604	
2.84747	-4.48414	1.49851	
2.84601	-4.4885	1.49222	
2.84533	-4.49312	1.48505	
2.84372	-4.49855	1.47694	
2.84234	-4.50354	1.46949	
2.84449	-4.5083	1.46053	
2.84944	-4.51253	1.45101	
2.85614	-4.51628	1.44144	
2.86175	-4.52128	1.43019	
2.86436	-4.5264	1.42035	
2.86486	-4.53048	1.41358	
2.86474	-4.53366	1.4088	
2.86544	-4.53661	1.40399	
2.86759	-4.54103	1.39566	
2.86785	-4.54631	1.38673	
2.86477	-4.55211	1.37866	
2.86001	-4.55716	1.37287	
2.85202	-4.56168	1.36981	
2.84395	-4.56666	1.36588	
2.83824	-4.57237	1.35926	
2.83061	-4.57914	1.35163	
2.82098	-4.58632	1.34426	
2.80922	-4.59273	1.3394	
2.79664	-4.59797	1.33711	
2.78402	-4.60295	1.33524	
2.77494	-4.60787	1.33147	
2.76663	-4.6137	1.32551	
2.75958	-4.61903	1.31975	
2.75159	-4.62439	1.31433	
2.74366	-4.62912	1.30997	
2.73618	-4.6338	1.30535	
2.73248	-4.6382	1.29916	
2.73172	-4.64284	1.29084	
2.73087	-4.64806	1.28137	
2.72916	-4.65348	1.27188	
2.7284	-4.65893	1.26172	
2.72751	-4.66304	1.25406	
2.72773	-4.66601	1.24785	
2.73013	-4.6693	1.23977	
2.73493	-4.67384	1.22797	
2.73992	-4.6788	1.21513	
2.74299	-4.68372	1.20328	
2.74429	-4.68804	1.19338	
2.7424	-4.69226	1.1852	
2.73833	-4.69659	1.17785	
2.7328	-4.70087	1.1712	
2.72815	-4.70561	1.16304	
2.724	-4.71004	1.15505	
2.71778	-4.7148	1.14732	
2.70829	-4.72043	1.13949	
2.69446	-4.72647	1.13291	
2.67809	-4.73207	1.12832	
2.66224	-4.73831	1.122	
2.64749	-4.74485	1.11433	
2.63142	-4.75192	1.10607	
2.61388	-4.75888	1.09851	
2.59655	-4.76461	1.09294	
2.57928	-4.76925	1.08914	
2.56508	-4.77372	1.08384	
2.55258	-4.77864	1.07664	
2.54094	-4.78396	1.06799	
2.52894	-4.78976	1.0583	
2.51753	-4.79416	1.05079	
2.50691	-4.79726	1.04522	
2.49872	-4.80063	1.03773	
2.49699	-4.80382	1.02704	
2.49909	-4.80717	1.01383	
2.50049	-4.81126	0.999347	
2.5013	-4.81452	0.986537	
2.5021	-4.81728	0.974567	
2.50186	-4.82019	0.962605	
2.50232	-4.82373	0.94882	
2.50459	-4.82746	0.933623	
2.50911	-4.83055	0.91829	
2.51366	-4.83334	0.903244	
2.51851	-4.83617	0.88761	
2.5206	-4.83864	0.873798	
2.52047	-4.84113	0.860818	
2.51552	-4.84406	0.848942	
2.50909	-4.84745	0.836548	
2.50235	-4.85163	0.822531	
2.49452	-4.85616	0.808152	
2.4842	-4.85995	0.796115	
2.47041	-4.86281	0.78714	
2.45283	-4.86594	0.779051	
2.43209	-4.8704	0.769377	
2.41061	-4.87561	0.758133	
2.39143	-4.88057	0.746094	
2.37122	-4.884	0.737336	
2.34927	-4.88681	0.730313	
2.32632	-4.88955	0.723537	
2.30268	-4.89298	0.715368	
2.28125	-4.89724	0.704071	
2.2648	-4.90066	0.691509	
2.25137	-4.9031	0.678976	
2.23947	-4.90486	0.666639	
2.22629	-4.90621	0.655451	
2.21277	-4.90837	0.642467	
2.19986	-4.91066	0.628692	
2.19098	-4.91168	0.615292	
2.18771	-4.91182	0.60076	
2.18771	-4.91153	0.585446	
2.18871	-4.91067	0.570687	
2.19011	-4.90917	0.556545	
2.19251	-4.90761	0.541516	
2.19376	-4.90622	0.526297	
2.19416	-4.9061	0.508826	
2.1962	-4.90608	0.490296	
2.20302	-4.90428	0.473048	
2.21134	-4.90119	0.457435	
2.21836	-4.89796	0.44222	
2.22359	-4.8964	0.424039	
2.22442	-4.89601	0.404924	
2.22341	-4.89508	0.386879	
2.21816	-4.89287	0.372888	
2.21021	-4.8892	0.362616	
2.20194	-4.88592	0.351886	
2.19166	-4.88359	0.339891	
2.17745	-4.8822	0.327375	
2.15915	-4.88117	0.31556	
2.13606	-4.87933	0.306788	
2.10996	-4.87705	0.299545	
2.08192	-4.8742	0.294036	
2.05615	-4.87178	0.286145	
2.03221	-4.86948	0.27685	
2.00533	-4.86766	0.267119	
1.97845	-4.86562	0.257515	
1.95103	-4.86326	0.248327	
1.92473	-4.86034	0.239958	
1.90187	-4.8567	0.231433	
1.88314	-4.85248	0.222223	
1.86698	-4.84775	0.212319	
1.85235	-4.84252	0.201965	
1.8383	-4.83749	0.190055	
1.8258	-4.8322	0.177369	
1.81433	-4.82577	0.166673	
1.80534	-4.8189	0.156181	
1.80289	-4.81147	0.144009	
1.8031	-4.80541	0.127515	
1.80454	-4.80033	0.108276	
1.80571	-4.7952	0.0888499	
1.80676	-4.78929	0.0708238	
1.80919	-4.78146	0.0554887	
1.81129	-4.77274	0.0415496	
1.81453	-4.76398	0.0265167	
1.81988	-4.75539	0.0103276	
1.82636	-4.74719	-0.00728009	
1.83563	-4.73883	-0.0250703	
1.84363	-4.72997	-0.0414119	
1.85098	-4.71998	-0.055581	
1.85541	-4.70997	-0.0689703	
1.85431	-4.7004	-0.0814434	
1.84817	-4.69159	-0.0941644	
1.8364	-4.68387	-0.107615	
1.82091	-4.67522	-0.119102	
1.80422	-4.66561	-0.128659	
1.78563	-4.65496	-0.135113	
1.76396	-4.64489	-0.140667	
1.73804	-4.63585	-0.146291	
1.70687	-4.6282	-0.153108	
1.67312	-4.62053	-0.159037	
1.63803	-4.61304	-0.165651	
1.60647	-4.60491	-0.172345	
1.57901	-4.59636	-0.180059	
1.55264	-4.58777	-0.188226	
1.52536	-4.57956	-0.197176	
1.49843	-4.57067	-0.206329	
1.47207	-4.56152	-0.216224	
1.44927	-4.55097	-0.225269	
1.43153	-4.53922	-0.2337	
1.41843	-4.5271	-0.242639	
1.40776	-4.51416	-0.250101	
1.39736	-4.50084	-0.257511	
1.38707	-4.48782	-0.265802	
1.3778	-4.47466	-0.275626	
1.36955	-4.46103	-0.285519	
1.36418	-4.44653	-0.29601	
1.36163	-4.43219	-0.308313	
1.36421	-4.4168	-0.32037	
1.37068	-4.40051	-0.3318	
1.37958	-4.38399	-0.342631	
1.38975	-4.36854	-0.355735	
1.40057	-4.35366	-0.370015	
1.41059	-4.33923	-0.384574	
1.42069	-4.32461	-0.398093	
1.42972	-4.30947	-0.409179	
1.43835	-4.29357	-0.418142	
1.44424	-4.27758	-0.426008	
1.44827	-4.26224	-0.434746	
1.4522	-4.24752	-0.44547	
1.45555	-4.23253	-0.456221	
1.45938	-4.21677	-0.46577	
1.46082	-4.20034	-0.471516	
1.45855	-4.18344	-0.47413	
1.45209	-4.167	-0.475737	
1.43972	-4.1515	-0.477417	
1.42155	-4.13665	-0.478905	
1.39815	-4.1217	-0.478552	
1.36966	-4.10668	-0.476946	
1.33887	-4.09187	-0.47449	
1.30707	-4.07756	-0.472396	
1.27591	-4.06336	-0.470232	
1.24441	-4.04983	-0.4697	
1.21141	-4.03684	-0.471022	
1.17792	-4.02428	-0.474173	
1.14529	-4.01159	-0.478952	
1.11358	-3.99891	-0.484964	
1.08486	-3.98683	-0.493136	
1.06157	-3.97455	-0.5022	
1.04251	-3.96282	-0.512993	
1.02614	-3.95182	-0.526305	
1.01091	-3.94131	-0.541668	
0.997904	-3.93053	-0.55857	
0.984761	-3.91967	-0.57745	
0.973768	-3.9077	-0.596049	
0.963546	-3.89485	-0.614213	
0.954224	-3.88141	-0.6322	
0.948024	-3.86743	-0.650017	
0.946183	-3.85361	-0.669751	
0.949332	-3.83938	-0.690403	
0.95667	-3.82412	-0.711748	
0.96746	-3.80765	-0.73266	
0.980151	-3.79025	-0.751298	
0.992601	-3.7734	-0.768964	
1.00383	-3.75662	-0.783786	
1.01322	-3.74089	-0.797378	
1.02184	-3.72562	-0.810149	
1.03028	-3.71125	-0.82285	
1.03846	-3.69702	-0.835719	
1.04627	-3.6825	-0.847411	
1.05223	-3.6677	-0.855919	
1.05627	-3.65247	-0.861845	
1.05612	-3.63682	-0.863343	
1.05262	-3.6215	-0.863076	
1.04769	-3.60561	-0.861144	
1.04261	-3.58985	-0.859129	
1.03875	-3.57339	-0.856419	
1.03741	-3.55625	-0.852649	
1.03657	-3.5386	-0.84736	
1.03544	-3.52112	-0.841386	
1.03208	-3.50349	-0.833331	
1.02717	-3.48692	-0.82633	
1.01921	-3.47133	-0.820401	
1.00932	-3.45679	-0.816919	
0.9973	-3.4426	-0.814606	
0.983854	-3.42838	-0.812807	
0.969079	-3.4146	-0.812097	
0.95265	-3.40055	-0.811816	
0.934608	-3.38676	-0.812709	
0.915799	-3.37262	-0.813977	
0.899638	-3.3587	-0.816908	
0.887296	-3.34492	-0.822867	
0.879042	-3.33191	-0.832802	
0.873917	-3.31888	-0.844386	
0.869539	-3.30523	-0.85611	
0.866451	-3.29107	-0.869202	
0.863615	-3.2771	-0.883997	
0.859763	-3.26388	-0.900125	
0.856075	-3.25034	-0.916332	
0.850679	-3.23702	-0.931928	
0.843529	-3.22435	-0.94693	
0.836013	-3.21186	-0.962963	
0.826614	-3.20043	-0.978991	
0.815872	-3.18959	-0.995545	
0.804584	-3.17874	-1.01094	
0.794003	-3.16843	-1.02548	
0.785685	-3.15882	-1.03959	
0.779159	-3.1506	-1.05454	
0.774698	-3.14212	-1.06807	
0.77188	-3.13376	-1.08071	
0.768565	-3.12547	-1.09249	
0.765684	-3.11715	-1.10348	
0.761937	-3.1094	-1.11396	
0.755919	-3.10084	-1.1224	
0.749456	-3.09171	-1.12856	
0.74097	-3.08223	-1.13321	
0.732237	-3.07173	-1.13631	
0.721329	-3.06075	-1.13716	
0.709786	-3.0487	-1.1361	
0.696455	-3.03671	-1.13488	
0.681827	-3.02457	-1.1339	
0.665368	-3.01228	-1.13163	
0.648926	-3.0002	-1.12827	
0.633228	-2.98774	-1.1239	
0.620279	-2.9757	-1.1188	
0.611115	-2.96412	-1.11437	
0.604443	-2.95335	-1.11201	
0.600517	-2.94275	-1.11088	
0.597402	-2.93236	-1.11035	
0.595691	-2.9216	-1.10929	
0.593799	-2.91077	-1.10869	
0.592801	-2.90005	-1.10929	
0.592172	-2.88961	-1.11085	
0.591644	-2.87889	-1.11291	
0.591905	-2.86748	-1.11466	
0.591681	-2.85571	-1.11653	
0.590673	-2.8448	-1.11986	
0.590317	-2.83366	-1.12388	
0.589201	-2.82311	-1.1285	
0.587434	-2.81197	-1.13199	
0.585198	-2.80117	-1.13731	
0.581971	-2.79032	-1.14196	
0.577368	-2.77931	-1.14693	
0.572808	-2.76781	-1.1526	
0.565629	-2.75655	-1.15853	
0.558254	-2.74517	-1.16632	
0.550369	-2.7334	-1.17407	
0.544645	-2.72168	-1.18318	
0.541291	-2.70961	-1.19196	
0.539999	-2.69767	-1.20049	
0.541285	-2.68576	-1.2092	
0.544776	-2.67467	-1.21872	
0.548695	-2.66449	-1.22828	
0.55342	-2.65536	-1.23702	
0.558289	-2.64643	-1.24452	
0.563294	-2.63843	-1.25085	
0.567404	-2.63088	-1.25547	
0.570761	-2.62384	-1.25899	
0.572874	-2.61755	-1.26187	
0.573612	-2.61182	-1.26397	
0.573524	-2.60656	-1.26535	
0.571805	-2.60117	-1.26546	
0.567854	-2.59597	-1.26515	
0.56248	-2.59123	-1.26508	
0.55444	-2.58686	-1.26507	
0.544089	-2.58232	-1.26558	
0.533563	-2.57783	-1.26631	
0.520815	-2.57324	-1.2675	
0.507436	-2.56905	-1.27013	
0.492482	-2.56383	-1.27262	
0.476651	-2.55818	-1.27485	
0.460575	-2.5522	-1.27624	
0.443015	-2.54521	-1.27672	
0.42482	-2.53772	-1.27646	
0.405708	-2.53016	-1.27562	
0.38783	-2.52184	-1.27399	
0.371471	-2.51352	-1.27272	
0.357502	-2.50571	-1.27254	
0.348244	-2.49792	-1.27318	
0.342768	-2.49021	-1.27459	
0.340649	-2.48348	-1.2771	
0.342148	-2.47653	-1.28098	
0.346283	-2.47047	-1.28598	
0.351456	-2.46487	-1.29208	
0.358761	-2.45951	-1.29889	
0.367458	-2.45386	-1.30488	
0.377113	-2.448	-1.311	
0.386933	-2.44204	-1.31662	
0.396511	-2.43578	-1.32216	
0.406018	-2.42934	-1.32714	
0.415653	-2.42207	-1.33069	
0.424878	-2.41462	-1.33358	
0.434375	-2.40623	-1.33553	
0.443624	-2.39813	-1.33785	
0.452298	-2.3899	-1.33974	
0.461072	-2.38117	-1.34071	
0.468713	-2.37218	-1.34053	
0.476243	-2.36293	-1.33995	
0.482307	-2.3541	-1.33958	
0.48732	-2.34501	-1.33942	
0.490472	-2.33651	-1.3399	
0.491632	-2.32827	-1.33939	
0.49083	-2.32117	-1.34014	
0.487536	-2.31448	-1.34031	
0.481914	-2.30851	-1.34046	
0.474206	-2.30327	-1.3402	
0.463464	-2.29872	-1.33876	
0.451273	-2.2949	-1.33706	
0.437416	-2.29136	-1.33428	
0.421513	-2.28859	-1.33171	
0.405036	-2.28632	-1.3285	
0.387147	-2.28442	-1.32505	
0.368286	-2.28278	-1.32173	
0.34988	-2.28177	-1.31867	
0.332498	-2.28045	-1.31547	
0.3158	-2.27909	-1.31225	
0.29973	-2.27786	-1.30953	
0.284504	-2.2768	-1.30732	
0.269165	-2.27527	-1.30448	
0.254759	-2.27338	-1.30244	
0.24063	-2.27151	-1.30035	
0.227137	-2.26945	-1.29869	
0.214716	-2.26748	-1.29799	
0.203983	-2.26496	-1.29745	
0.195178	-2.26255	-1.29758	
0.189136	-2.26037	-1.29854	
0.185472	-2.25828	-1.2998	
0.185078	-2.25628	-1.30259	
0.187232	-2.25402	-1.30453	
0.1913	-2.25185	-1.3079	
0.195922	-2.24931	-1.31096	
0.200362	-2.24676	-1.31376	
0.204448	-2.24368	-1.3171	
0.208261	-2.24088	-1.32039	
0.212303	-2.23744	-1.32389	
0.216374	-2.23421	-1.3273	
0.220601	-2.23056	-1.33033	
0.224898	-2.22663	-1.3333	
0.22901	-2.22268	-1.3365	
0.233385	-2.21854	-1.33953	
0.237349	-2.21442	-1.34218	
0.24144	-2.21005	-1.34397	
0.245307	-2.20596	-1.34551	
0.249027	-2.20208	-1.34734	
0.252573	-2.19837	-1.34921	
0.255933	-2.19492	-1.3511	
0.258927	-2.19174	-1.35331	
0.261772	-2.18897	-1.35546	
0.264506	-2.18643	-1.3582	
0.266804	-2.18447	-1.36091	
0.268768	-2.1827	-1.36314	
0.270541	-2.18108	-1.36523	
0.271818	-2.17973	-1.36721	
0.273258	-2.17835	-1.36869	
0.274105	-2.17746	-1.36961	
0.274879	-2.17641	-1.36996	
0.275628	-2.1754	-1.37023	
0.276021	-2.17476	-1.37031	
0.276588	-2.17405	-1.37064	
0.276885	-2.17365	-1.37078	
0.277167	-2.17326	-1.3709	
0.277369	-2.17299	-1.37099	
0.277667	-2.17264	-1.37129	
0.277744	-2.17239	-1.37157	
0.278044	-2.17208	-1.37206	
0.278282	-2.17192	-1.37264	
0.278601	-2.17159	-1.3731	
0.27903	-2.17117	-1.37378	
0.279463	-2.17074	-1.37445	
0.279897	-2.1703	-1.37512	
0.280122	-2.16976	-1.37565	
0.280758	-2.16911	-1.37656	
0.281366	-2.16839	-1.37715	
0.282162	-2.16736	-1.37768	
0.282957	-2.16638	-1.37835	
0.283869	-2.1653	-1.37923	
0.284788	-2.16421	-1.38013	
0.285789	-2.16306	-1.38113	
0.286592	-2.16208	-1.38182	
0.28754	-2.16073	-1.38209	
0.288423	-2.15958	-1.38265	
0.289493	-2.15813	-1.38313	
0.290361	-2.15694	-1.38352	
0.291135	-2.15589	-1.38387	
0.291909	-2.15483	-1.38422	
0.292582	-2.15392	-1.38452	
0.293386	-2.15296	-1.3852	
0.294173	-2.15191	-1.38571	
0.294974	-2.15091	-1.38638	
0.295901	-2.14987	-1.38745	
0.296718	-2.14891	-1.38829	
0.297535	-2.14795	-1.38913	
0.298365	-2.14703	-1.39013	
0.299068	-2.14617	-1.39077	
0.299768	-2.14532	-1.39139	
0.300462	-2.14443	-1.39187	
0.301054	-2.14367	-1.39228	
0.301834	-2.1426	-1.39263	
0.302522	-2.14172	-1.39311	
0.303201	-2.14079	-1.39342	
0.303874	-2.13987	-1.39372	
0.304453	-2.13908	-1.39399	
0.304937	-2.13842	-1.3942	
0.305415	-2.13777	-1.39442	
0.305805	-2.13723	-1.3946	
0.306289	-2.13657	-1.39482	
0.306533	-2.1359	-1.39501	
0.306944	-2.13544	-1.3955	
0.307461	-2.13488	-1.39608	
0.307849	-2.13431	-1.39625	
0.308357	-2.13376	-1.39679	
0.308738	-2.1332	-1.39696	
0.309049	-2.13283	-1.39727	
0.309465	-2.13245	-1.39798	
0.30985	-2.13183	-1.39794	
0.310147	-2.13148	-1.39823	
0.310537	-2.13095	-1.39841	
0.310826	-2.13055	-1.39854	
0.311246	-2.13012	-1.39904	
0.3116	-2.12949	-1.39889	
0.311906	-2.12917	-1.39919	
0.312295	-2.12863	-1.39937	
0.312662	-2.12804	-1.39937	
0.313163	-2.12744	-1.39976	
0.31355	-2.12697	-1.40016	
0.313929	-2.1264	-1.40011	
0.314414	-2.12573	-1.40033	
0.314803	-2.1252	-1.40051	
0.315287	-2.12454	-1.40073	
0.315656	-2.12398	-1.40073	
0.316235	-2.12319	-1.401	
0.316718	-2.12252	-1.40122	
0.317203	-2.12186	-1.40144	
0.317586	-2.12134	-1.40161	
0.318069	-2.12067	-1.40183	
0.318441	-2.11987	-1.40207	
0.319004	-2.11904	-1.40216	
0.319589	-2.11824	-1.40242	
0.320155	-2.11742	-1.40254	
0.320733	-2.11662	-1.4028	
0.321205	-2.11598	-1.40307	
0.321783	-2.11518	-1.40333	
0.322246	-2.11449	-1.40338	
0.322636	-2.11396	-1.40356	
0.323012	-2.1134	-1.40358	
0.323301	-2.113	-1.40372	
0.32359	-2.1126	-1.40385	
0.32388	-2.11221	-1.40398	
0.324053	-2.11192	-1.4039	
0.324349	-2.11151	-1.40403	
0.324537	-2.11125	-1.40412	
0.324631	-2.11112	-1.40416	
0.324833	-2.11085	-1.40425	
0.325021	-2.11059	-1.40434	
0.325216	-2.11032	-1.40443	
0.32531	-2.11019	-1.40447	
0.325579	-2.10983	-1.40453	
0.325673	-2.1097	-1.40457	
0.325868	-2.10943	-1.40466	
0.325962	-2.10931	-1.4047	
0.326157	-2.10904	-1.40479	
0.326522	-2.10849	-1.4047	
0.326632	-2.1084	-1.40493	
0.326912	-2.10796	-1.40488	
0.3271	-2.1077	-1.40497	
0.327295	-2.10743	-1.40505	
0.327584	-2.10703	-1.40519	
0.327779	-2.10677	-1.40527	
0.328068	-2.10637	-1.40541	
0.328357	-2.10597	-1.40554	
0.328645	-2.10558	-1.40567	
0.328934	-2.10518	-1.4058	
0.329324	-2.10464	-1.40598	
0.329512	-2.10439	-1.40606	
0.329902	-2.10385	-1.40624	
0.330191	-2.10345	-1.40637	
0.330575	-2.10293	-1.40655	
0.330958	-2.1024	-1.40672	
0.331253	-2.10199	-1.40686	
0.331542	-2.1016	-1.40699	
0.331831	-2.1012	-1.40712	
0.33212	-2.1008	-1.40725	
0.332409	-2.10041	-1.40738	
0.332604	-2.10014	-1.40747	
0.332893	-2.09974	-1.4076	
0.333087	-2.09948	-1.40769	
0.333276	-2.09922	-1.40778	
0.333476	-2.09894	-1.40787	
0.333571	-2.09881	-1.40791	
0.33376	-2.09855	-1.408	
0.333854	-2.09842	-1.40804	
0.333954	-2.09828	-1.40809	
0.333826	-2.09814	-1.4081	
0.334021	-2.09787	-1.40819	
0.334115	-2.09774	-1.40823	
0.334216	-2.09761	-1.40828	
0.33431	-2.09748	-1.40832	
0.33458	-2.09711	-1.40838	
0.334599	-2.09708	-1.40845	
0.334774	-2.09685	-1.40847	
0.334963	-2.09659	-1.40856	
0.335058	-2.09646	-1.4086	
0.335183	-2.09628	-1.40872	
0.335352	-2.09605	-1.40873	
0.335557	-2.09586	-1.40899	
0.335736	-2.09553	-1.40891	
0.335836	-2.09539	-1.40896	
0.336024	-2.09513	-1.40904	
0.336313	-2.09473	-1.40917	
0.336524	-2.09453	-1.40943	
0.336703	-2.0942	-1.40935	
0.336891	-2.09394	-1.40944	
0.337102	-2.09374	-1.4097	
0.33728	-2.0934	-1.40961	
0.337485	-2.09321	-1.40987	
0.33767	-2.09287	-1.40979	
0.337875	-2.09268	-1.41005	
0.337969	-2.09255	-1.41009	
0.338164	-2.09228	-1.41018	
0.338248	-2.09207	-1.41005	
0.338553	-2.09174	-1.41036	
0.338631	-2.09154	-1.41023	
0.338729	-2.09146	-1.4103	
0.338924	-2.09119	-1.41039	
0.339118	-2.09092	-1.41048	
0.339118	-2.09092	-1.41048	
0.339307	-2.09066	-1.41057	
0.339307	-2.09066	-1.41057	
0.339401	-2.09053	-1.41061	
0.339508	-2.09038	-1.41066	
0.339492	-2.09035	-1.41048	
0.339587	-2.09022	-1.41052	
0.339696	-2.09012	-1.41074	
0.339775	-2.08996	-1.41061	
0.339885	-2.08987	-1.41083	
0.33997	-2.08969	-1.4107	
0.34018	-2.08946	-1.41097	
0.340259	-2.08929	-1.41083	
0.340368	-2.0892	-1.41105	
0.340468	-2.08906	-1.4111	
0.340548	-2.0889	-1.41096	
0.340657	-2.0888	-1.41118	
0.340742	-2.08863	-1.41105	
0.340852	-2.08853	-1.41127	
0.341031	-2.08823	-1.41118	
0.341141	-2.08814	-1.4114	
0.341219	-2.08797	-1.41127	
0.341436	-2.08773	-1.41154	
0.341515	-2.08757	-1.4114	
0.341531	-2.0876	-1.41158	
0.341703	-2.08731	-1.41149	
0.341797	-2.08718	-1.41153	
0.341904	-2.08703	-1.41158	
0.341998	-2.0869	-1.41162	
0.342093	-2.08677	-1.41167	
0.342186	-2.08664	-1.41171	
0.342281	-2.08651	-1.41175	
0.342382	-2.08637	-1.4118	
0.342576	-2.0861	-1.41189	
0.342671	-2.08597	-1.41193	
0.342865	-2.08571	-1.41202	
0.343053	-2.08545	-1.4121	
0.343154	-2.08531	-1.41215	
0.343349	-2.08504	-1.41224	
0.343537	-2.08478	-1.41233	
0.343731	-2.08451	-1.41241	
0.343832	-2.08438	-1.41246	
0.34402	-2.08412	-1.41255	
0.344114	-2.08399	-1.41259	
0.344215	-2.08385	-1.41263	
0.344309	-2.08372	-1.41268	
0.34441	-2.08358	-1.41272	
0.34441	-2.08358	-1.41272	
0.344598	-2.08332	-1.41281	
0.344598	-2.08332	-1.41281	
0.344698	-2.08318	-1.41286	
0.344792	-2.08305	-1.4129	
0.344887	-2.08292	-1.41294	
0.344887	-2.08292	-1.41294	
0.345081	-2.08266	-1.41303	
0.345081	-2.08266	-1.41303	
0.345176	-2.08252	-1.41307	
0.345276	-2.08239	-1.41312	
0.34537	-2.08226	-1.41316	
0.345465	-2.08213	-1.41321	
0.345465	-2.08213	-1.41321	
0.345565	-2.08199	-1.41325	
0.345659	-2.08186	-1.41329	
0.345659	-2.08186	-1.41329	
0.345759	-2.08172	-1.41334	
0.345854	-2.08159	-1.41338	
0.345948	-2.08146	-1.41343	
0.346042	-2.08133	-1.41347	
0.346143	-2.08119	-1.41352	
0.346243	-2.08105	-1.41356	
0.346337	-2.08093	-1.4136	
0.346432	-2.0808	-1.41365	
0.346526	-2.08067	-1.41369	
0.346626	-2.08053	-1.41374	
0.346721	-2.0804	-1.41378	
0.346821	-2.08026	-1.41383	
0.346915	-2.08013	-1.41387	
0.347026	-2.08007	-1.41408	
0.34711	-2.07986	-1.41396	
0.347204	-2.07973	-1.414	
0.347298	-2.0796	-1.41404	
0.347392	-2.07947	-1.41409	
0.347493	-2.07933	-1.41413	
0.347668	-2.0791	-1.41415	
0.347593	-2.0792	-1.41418	
0.347688	-2.07906	-1.41422	
0.347763	-2.07897	-1.41419	
0.347873	-2.07891	-1.41441	
0.347875	-2.07881	-1.41431	
0.348045	-2.07858	-1.41432	
0.348077	-2.07853	-1.4144	
0.348231	-2.07827	-1.41424	
0.348325	-2.07814	-1.41428	
0.348436	-2.07808	-1.4145	
0.348614	-2.07774	-1.41442	
0.34873	-2.07767	-1.41463	
0.348809	-2.07747	-1.4145	
0.349013	-2.07728	-1.41476	
0.349114	-2.07715	-1.41481	
0.349208	-2.07702	-1.41485	
0.34908	-2.07687	-1.41487	
0.349274	-2.0766	-1.41496	
0.349374	-2.07647	-1.415	
0.349563	-2.07621	-1.41509	
0.349657	-2.07608	-1.41513	
0.349758	-2.07594	-1.41518	
0.349783	-2.07589	-1.41525	
0.349952	-2.07567	-1.41527	
0.350047	-2.07554	-1.41531	
0.35014	-2.07541	-1.41535	
0.350235	-2.07528	-1.4154	
0.350341	-2.07513	-1.41544	
0.350436	-2.075	-1.41549	
0.350436	-2.075	-1.41549	
0.350624	-2.07474	-1.41557	
0.350718	-2.07461	-1.41562	
0.350718	-2.07461	-1.41562	
0.350913	-2.07435	-1.41571	
0.350913	-2.07435	-1.41571	
0.351014	-2.07421	-1.41575	
0.351094	-2.07405	-1.41564	
0.351201	-2.07395	-1.41584	
0.351302	-2.07381	-1.41588	
0.351302	-2.07381	-1.41588	
0.351302	-2.07381	-1.41588	
0.351383	-2.07365	-1.41577	
0.351477	-2.07352	-1.41582	
0.351577	-2.07338	-1.41586	
0.351581	-2.07343	-1.4161	
0.351672	-2.07325	-1.41591	
0.351866	-2.07298	-1.416	
0.351866	-2.07298	-1.416	
0.351961	-2.07285	-1.41604	
0.351961	-2.07285	-1.41604	
0.352054	-2.07272	-1.41608	
0.352155	-2.07258	-1.41613	
0.352255	-2.07245	-1.41617	
0.35235	-2.07232	-1.41622	
0.352444	-2.07219	-1.41626	
0.352538	-2.07206	-1.4163	
0.352538	-2.07206	-1.4163	
0.352732	-2.07179	-1.41639	
0.352732	-2.07179	-1.41639	
0.352833	-2.07165	-1.41644	
0.352927	-2.07152	-1.41648	
0.353021	-2.07139	-1.41652	
0.353121	-2.07125	-1.41657	
0.353216	-2.07112	-1.41661	
0.35331	-2.07099	-1.41666	
0.35331	-2.07099	-1.41666	
0.35341	-2.07085	-1.4167	
0.353505	-2.07072	-1.41675	
0.353609	-2.07063	-1.41703	
0.353605	-2.07058	-1.41679	
0.353699	-2.07045	-1.41684	
0.353794	-2.07032	-1.41688	
0.353887	-2.07019	-1.41692	
0.353982	-2.07006	-1.41696	
0.353997	-2.07013	-1.41712	
0.354088	-2.06992	-1.41701	
0.354183	-2.06979	-1.41706	
0.354277	-2.06966	-1.4171	
0.354371	-2.06953	-1.41714	
0.354386	-2.06959	-1.4173	
0.354465	-2.0694	-1.41719	
0.354565	-2.06926	-1.41723	
0.354681	-2.06918	-1.41743	
0.354761	-2.06899	-1.41732	
0.354775	-2.06905	-1.41748	
0.354869	-2.06892	-1.41752	
0.354948	-2.06873	-1.41741	
0.355064	-2.06865	-1.41761	
0.355143	-2.06846	-1.4175	
0.355258	-2.06839	-1.4177	
0.355353	-2.06826	-1.41774	
0.355432	-2.06806	-1.41763	
0.355547	-2.06799	-1.41783	
0.355645	-2.06791	-1.41811	
0.355626	-2.0678	-1.41772	
0.355735	-2.06773	-1.41792	
0.355814	-2.06753	-1.4178	
0.355829	-2.0676	-1.41796	
0.355915	-2.0674	-1.41785	
0.355929	-2.06746	-1.41801	
0.356015	-2.06726	-1.4179	
0.35603	-2.06732	-1.41805	
0.356124	-2.06719	-1.4181	
0.356124	-2.06719	-1.4181	
0.356124	-2.06719	-1.4181	
0.356218	-2.06706	-1.41814	
0.356218	-2.06706	-1.41814	
0.356313	-2.06693	-1.41818	
0.356407	-2.0668	-1.41822	
0.356514	-2.06665	-1.41827	
0.356517	-2.0667	-1.41851	
0.356607	-2.06652	-1.41832	
0.356607	-2.06652	-1.41832	
0.356702	-2.06639	-1.41836	
0.356702	-2.06639	-1.41836	
0.356796	-2.06626	-1.4184	
0.356796	-2.06626	-1.4184	
0.35689	-2.06613	-1.41845	
0.356991	-2.06599	-1.41849	
0.356991	-2.06599	-1.41849	
0.357091	-2.06586	-1.41854	
0.357091	-2.06586	-1.41854	
0.357185	-2.06573	-1.41858	
0.357185	-2.06573	-1.41858	
0.357279	-2.0656	-1.41862	
0.357373	-2.06547	-1.41867	
0.357373	-2.06547	-1.41867	
0.357568	-2.0652	-1.41876	
0.357568	-2.0652	-1.41876	
0.357662	-2.06507	-1.4188	
0.357762	-2.06493	-1.41885	
0.357762	-2.06493	-1.41885	
0.357857	-2.0648	-1.41889	
0.357961	-2.06471	-1.41918	
0.357957	-2.06466	-1.41894	
0.358051	-2.06453	-1.41898	
0.358146	-2.0644	-1.41902	
0.35824	-2.06427	-1.41906	
0.35834	-2.06413	-1.41911	
0.35834	-2.06413	-1.41911	
0.35844	-2.06399	-1.41916	
0.35844	-2.06399	-1.41916	
0.358218	-2.06398	-1.41913	
0.358312	-2.06385	-1.41917	
0.358218	-2.06398	-1.41913	
0.358316	-2.0639	-1.41941	
0.358312	-2.06385	-1.41917	
0.358312	-2.06385	-1.41917	
0.358406	-2.06372	-1.41922	
0.358406	-2.06372	-1.41922	
0.358406	-2.06372	-1.41922	
0.3585	-2.06359	-1.41926	
0.3585	-2.06359	-1.41926	
0.3585	-2.06359	-1.41926	
0.358601	-2.06345	-1.41931	
0.358601	-2.06345	-1.41931	
0.358695	-2.06332	-1.41935	
0.358695	-2.06332	-1.41935	
0.358795	-2.06318	-1.4194	
0.358795	-2.06318	-1.4194	
0.358795	-2.06318	-1.4194	
0.35889	-2.06305	-1.41944	
0.35889	-2.06305	-1.41944	
0.35889	-2.06305	-1.41944	
0.358984	-2.06292	-1.41948	
0.358984	-2.06292	-1.41948	
0.358984	-2.06292	-1.41948	
0.359084	-2.06278	-1.41953	
0.359084	-2.06278	-1.41953	
0.359178	-2.06265	-1.41957	
0.359178	-2.06265	-1.41957	
0.359178	-2.06265	-1.41957	
0.359272	-2.06252	-1.41961	
0.359272	-2.06252	-1.41961	
0.359373	-2.06238	-1.41966	
0.359373	-2.06238	-1.41966	
0.359467	-2.06226	-1.4197	
0.359467	-2.06226	-1.4197	
0.359567	-2.06212	-1.41975	
0.359567	-2.06212	-1.41975	
0.359661	-2.06199	-1.41979	
0.359661	-2.06199	-1.41979	
0.359755	-2.06186	-1.41984	
0.359755	-2.06186	-1.41984	
0.359759	-2.06191	-1.42008	
0.35985	-2.06173	-1.41988	
0.35985	-2.06173	-1.41988	
0.35995	-2.06159	-1.41992	
0.35995	-2.06159	-1.41992	
0.360051	-2.06145	-1.41997	
0.360051	-2.06145	-1.41997	
0.360051	-2.06145	-1.41997	
0.360144	-2.06132	-1.42001	
0.360144	-2.06132	-1.42001	
0.360239	-2.06119	-1.42006	
0.360239	-2.06119	-1.42006	
0.360239	-2.06119	-1.42006	
0.360333	-2.06106	-1.4201	
0.360333	-2.06106	-1.4201	
0.360333	-2.06106	-1.4201	
0.360333	-2.06106	-1.4201	
0.360427	-2.06093	-1.42014	
0.360427	-2.06093	-1.42014	
0.360533	-2.06078	-1.42019	
0.360533	-2.06078	-1.42019	
0.360628	-2.06065	-1.42024	
0.360628	-2.06065	-1.42024	
0.360722	-2.06052	-1.42028	
0.360722	-2.06052	-1.42028	
0.360831	-2.06045	-1.42048	
0.360816	-2.06039	-1.42032	
0.360925	-2.06032	-1.42052	
0.36091	-2.06026	-1.42037	
0.361029	-2.06024	-1.42081	
0.361025	-2.06018	-1.42057	
0.36112	-2.06005	-1.42061	
0.36112	-2.06005	-1.42061	
0.36122	-2.05992	-1.42066	
0.36122	-2.05992	-1.42066	
0.361314	-2.05979	-1.4207	
0.361314	-2.05979	-1.4207	
0.361408	-2.05966	-1.42074	
0.361408	-2.05966	-1.42074	
0.361509	-2.05952	-1.42079	
0.361509	-2.05952	-1.42079	
0.361607	-2.05944	-1.42107	
0.361603	-2.05939	-1.42083	
0.361603	-2.05939	-1.42083	
0.361697	-2.05926	-1.42088	
0.361697	-2.05926	-1.42088	
0.361798	-2.05912	-1.42092	
0.361802	-2.05917	-1.42116	
0.361891	-2.05899	-1.42096	
0.361891	-2.05899	-1.42096	
0.361992	-2.05885	-1.42101	
0.361992	-2.05885	-1.42101	
0.362086	-2.05872	-1.42105	
0.362086	-2.05872	-1.42105	
0.36218	-2.05859	-1.4211	
0.36218	-2.05859	-1.4211	
0.36218	-2.05859	-1.4211	
0.362274	-2.05846	-1.42114	
0.362274	-2.05846	-1.42114	
0.362372	-2.05838	-1.42142	
0.362368	-2.05833	-1.42118	
0.362368	-2.05833	-1.42118	
0.362368	-2.05833	-1.42118	
0.362475	-2.05818	-1.42123	
0.362475	-2.05818	-1.42123	
0.362479	-2.05823	-1.42147	
0.362475	-2.05818	-1.42123	
0.362569	-2.05805	-1.42128	
0.362569	-2.05805	-1.42128	
0.362569	-2.05805	-1.42128	
0.362664	-2.05792	-1.42132	
0.362664	-2.05792	-1.42132	
0.362757	-2.05779	-1.42136	
0.362757	-2.05779	-1.42136	
0.362851	-2.05766	-1.4214	
0.362851	-2.05766	-1.4214	
0.362952	-2.05752	-1.42145	
0.362956	-2.05757	-1.42169	
0.362952	-2.05752	-1.42145	
0.362952	-2.05752	-1.42145	
0.363053	-2.05738	-1.4215	
0.363053	-2.05738	-1.4215	
0.363146	-2.05725	-1.42154	
0.36315	-2.05731	-1.42178	
0.363146	-2.05725	-1.42154	
0.36324	-2.05712	-1.42158	
0.36324	-2.05712	-1.42158	
0.36324	-2.05712	-1.42158	
0.363335	-2.05699	-1.42163	
0.363335	-2.05699	-1.42163	
0.363435	-2.05685	-1.42167	
0.363435	-2.05685	-1.42167	
0.363529	-2.05672	-1.42172	
0.363529	-2.05672	-1.42172	
0.363629	-2.05659	-1.42176	
0.363629	-2.05659	-1.42176	
0.363629	-2.05659	-1.42176	
0.363629	-2.05659	-1.42176	
0.363724	-2.05646	-1.42181	
0.363724	-2.05646	-1.42181	
0.363724	-2.05646	-1.42181	
0.363818	-2.05633	-1.42185	
0.363818	-2.05633	-1.42185	
0.363818	-2.05633	-1.42185	
0.363918	-2.05619	-1.42189	
0.363918	-2.05619	-1.42189	
0.364013	-2.05606	-1.42194	
0.364013	-2.05606	-1.42194	
0.364106	-2.05593	-1.42198	
0.364201	-2.0558	-1.42202	
0.364201	-2.0558	-1.42202	
0.364301	-2.05566	-1.42207	
0.364301	-2.05566	-1.42207	
0.364301	-2.05566	-1.42207	
0.364195	-2.05551	-1.42209	
0.364195	-2.05551	-1.42209	
0.36413	-2.05536	-1.42216	
0.364387	-2.0553	-1.42242	
0.364383	-2.05525	-1.42218	
0.364477	-2.05512	-1.42222	
0.364477	-2.05512	-1.42222	
0.364577	-2.05498	-1.42227	
0.364577	-2.05498	-1.42227	
0.364678	-2.05484	-1.42231	
0.364772	-2.05471	-1.42236	
0.364866	-2.05458	-1.4224	
0.364866	-2.05458	-1.4224	
0.364866	-2.05458	-1.4224	
0.364866	-2.05458	-1.4224	
0.364961	-2.05445	-1.42244	
0.364961	-2.05445	-1.42244	
0.365077	-2.05438	-1.42266	
0.365061	-2.05431	-1.42249	
0.365061	-2.05431	-1.42249	
0.365061	-2.05431	-1.42249	
0.365077	-2.05438	-1.42266	
0.365061	-2.05431	-1.42249	
0.365155	-2.05418	-1.42253	
0.365155	-2.05418	-1.42253	
0.365171	-2.05425	-1.4227	
0.365097	-2.05403	-1.4226	
0.365271	-2.05411	-1.42275	
0.365255	-2.05404	-1.42258	
0.36535	-2.05391	-1.42262	
0.36535	-2.05391	-1.42262	
0.365366	-2.05398	-1.42279	
0.36535	-2.05391	-1.42262	
0.36535	-2.05391	-1.42262	
0.365443	-2.05378	-1.42267	
0.365443	-2.05378	-1.42267	
0.365443	-2.05378	-1.42267	
0.36556	-2.05371	-1.42288	
0.365443	-2.05378	-1.42267	
0.36556	-2.05371	-1.42288	
0.365484	-2.05355	-1.42302	
0.365658	-2.05363	-1.42317	
0.36559	-2.05344	-1.42299	
0.365748	-2.05345	-1.42297	
0.365732	-2.05338	-1.4228	
0.365843	-2.05332	-1.42301	
0.365843	-2.05332	-1.42301	
0.365943	-2.05318	-1.42306	
0.365943	-2.05318	-1.42306	
0.365943	-2.05318	-1.42306	
0.366037	-2.05305	-1.4231	
0.366037	-2.05305	-1.4231	
0.366037	-2.05305	-1.4231	
0.366141	-2.05296	-1.42339	
0.366137	-2.05291	-1.42315	
0.366137	-2.05291	-1.42315	
0.366137	-2.05291	-1.42315	
0.366137	-2.05291	-1.42315	
0.366232	-2.05278	-1.42319	
0.366216	-2.05271	-1.42302	
0.366232	-2.05278	-1.42319	
0.366232	-2.05278	-1.42319	
0.366232	-2.05278	-1.42319	
0.366325	-2.05265	-1.42323	
0.366232	-2.05278	-1.42319	
0.366325	-2.05265	-1.42323	
0.366325	-2.05265	-1.42323	
0.366103	-2.05264	-1.42321	
0.366197	-2.05251	-1.42325	
0.366197	-2.05251	-1.42325	
0.366197	-2.05251	-1.42325	
0.366197	-2.05251	-1.42325	
0.366297	-2.05237	-1.4233	
0.366297	-2.05237	-1.4233	
0.366297	-2.05237	-1.4233	
0.366297	-2.05237	-1.4233	
0.366398	-2.05223	-1.42334	
0.366398	-2.05223	-1.42334	
0.366398	-2.05223	-1.42334	
0.366398	-2.05223	-1.42334	
0.366398	-2.05223	-1.42334	
0.366492	-2.0521	-1.42339	
0.366492	-2.0521	-1.42339	
0.366492	-2.0521	-1.42339	
0.366492	-2.0521	-1.42339	
0.366586	-2.05197	-1.42343	
0.366427	-2.05196	-1.42345	
0.366586	-2.05197	-1.42343	
0.366363	-2.05196	-1.4234	
0.366458	-2.05183	-1.42345	
0.366458	-2.05183	-1.42345	
0.366458	-2.05183	-1.42345	
0.366558	-2.05169	-1.42349	
0.366458	-2.05183	-1.42345	
0.3664	-2.05167	-1.42351	
0.366558	-2.05169	-1.42349	
0.3665	-2.05154	-1.42356	
0.366658	-2.05155	-1.42354	
0.366752	-2.05142	-1.42358	
0.366752	-2.05142	-1.42358	
0.366752	-2.05142	-1.42358	
0.366752	-2.05142	-1.42358	
0.366752	-2.05142	-1.42358	
0.366847	-2.05129	-1.42363	
0.366847	-2.05129	-1.42363	
0.366941	-2.05116	-1.42367	
0.366718	-2.05114	-1.42364	
0.366818	-2.05101	-1.42369	
0.366818	-2.05101	-1.42369	
0.366818	-2.05101	-1.42369	
0.366818	-2.05101	-1.42369	
0.366913	-2.05087	-1.42373	
0.366913	-2.05087	-1.42373	
0.367007	-2.05075	-1.42378	
0.366917	-2.05093	-1.42397	
0.367007	-2.05075	-1.42378	
0.367007	-2.05075	-1.42378	
0.367107	-2.05061	-1.42382	
0.367107	-2.05061	-1.42382	
0.367107	-2.05061	-1.42382	
0.366949	-2.05059	-1.42384	
0.367202	-2.05048	-1.42387	
0.366995	-2.05046	-1.42384	
0.366995	-2.05046	-1.42384	
0.366995	-2.05046	-1.42384	
0.366837	-2.05045	-1.42386	
0.366995	-2.05046	-1.42384	
0.367095	-2.05032	-1.42389	
0.36695	-2.05034	-1.42406	
0.367095	-2.05032	-1.42389	
0.36695	-2.05034	-1.42406	
0.367189	-2.05019	-1.42393	
0.367202	-2.05022	-1.42408	
0.367217	-2.05029	-1.42424	
0.367202	-2.05022	-1.42408	
0.367217	-2.05026	-1.42426	
0.367232	-2.05032	-1.42441	
0.367217	-2.05026	-1.42426	
0.366992	-2.05028	-1.42441	
0.367099	-2.05018	-1.42459	
0.367099	-2.05018	-1.42459	
0.367099	-2.05018	-1.42459	
0.367193	-2.05005	-1.42464	
0.367193	-2.05005	-1.42464	
0.367209	-2.05008	-1.42482	
0.367293	-2.04991	-1.42468	
0.367324	-2.05001	-1.42502	
0.367151	-2.04993	-1.42489	
0.367309	-2.04995	-1.42487	
0.367324	-2.05001	-1.42502	
0.367309	-2.04995	-1.42487	
0.367409	-2.04981	-1.42491	
0.367424	-2.04987	-1.42507	
0.367251	-2.04979	-1.42493	
0.367518	-2.04974	-1.42511	
0.367346	-2.04966	-1.42498	
0.367518	-2.04974	-1.42511	
0.367454	-2.0496	-1.42517	
0.367612	-2.04961	-1.42516	
0.367612	-2.04961	-1.42516	
0.367612	-2.04961	-1.42516	
0.367439	-2.04953	-1.42502	
0.367454	-2.0496	-1.42517	
0.367707	-2.04948	-1.4252	
0.367533	-2.04943	-1.42503	
0.367707	-2.04948	-1.4252	
0.367691	-2.04944	-1.42501	
0.367691	-2.04944	-1.42501	
0.367785	-2.04931	-1.42506	
0.367785	-2.04931	-1.42506	
0.367642	-2.04933	-1.42526	
0.367596	-2.04934	-1.42522	
0.367438	-2.04932	-1.42524	
0.367696	-2.0492	-1.42526	
0.367696	-2.0492	-1.42526	
0.367542	-2.04924	-1.42552	
0.367696	-2.0492	-1.42526	
0.367538	-2.04918	-1.42528	
0.367639	-2.04904	-1.42533	
0.367797	-2.04906	-1.42531	
0.367639	-2.04904	-1.42533	
0.367797	-2.04906	-1.42531	
0.367733	-2.04891	-1.42537	
0.367733	-2.04891	-1.42537	
0.367891	-2.04893	-1.42535	
0.367891	-2.04893	-1.42535	
0.367985	-2.0488	-1.4254	
0.367985	-2.0488	-1.4254	
0.367985	-2.0488	-1.4254	
0.367827	-2.04878	-1.42542	
0.367985	-2.0488	-1.4254	
0.367985	-2.0488	-1.4254	
0.367827	-2.04878	-1.42542	
0.36808	-2.04867	-1.42544	
0.36808	-2.04867	-1.42544	
0.36808	-2.04867	-1.42544	
0.367905	-2.04862	-1.42528	
0.367921	-2.04865	-1.42546	
0.368006	-2.04848	-1.42532	
0.368022	-2.04851	-1.42551	
0.368164	-2.04849	-1.4253	
0.368006	-2.04848	-1.42532	
0.368274	-2.0484	-1.42553	
0.3681	-2.04835	-1.42536	
0.368115	-2.04838	-1.42555	
0.368258	-2.04836	-1.42534	
0.368115	-2.04838	-1.42555	
0.368258	-2.04836	-1.42534	
0.368374	-2.04826	-1.42558	
0.368216	-2.04825	-1.4256	
0.368358	-2.04822	-1.42539	
0.36831	-2.04811	-1.42564	
0.368294	-2.04808	-1.42545	
0.368562	-2.048	-1.42566	
0.368388	-2.04795	-1.4255	
0.368404	-2.04799	-1.42568	
0.368388	-2.04795	-1.4255	
0.368562	-2.048	-1.42566	
0.368488	-2.04781	-1.42554	
0.368663	-2.04786	-1.42571	
0.368488	-2.04781	-1.42554	
0.368504	-2.04785	-1.42573	
0.368663	-2.04786	-1.42571	
0.368741	-2.04769	-1.42557	
0.368757	-2.04773	-1.42575	
0.368583	-2.04768	-1.42559	
0.368599	-2.04772	-1.42577	
0.368741	-2.04769	-1.42557	
0.368693	-2.04759	-1.42581	
0.368835	-2.04756	-1.42561	
0.368677	-2.04755	-1.42563	
0.368777	-2.04741	-1.42568	
0.368935	-2.04742	-1.42566	
0.368777	-2.04741	-1.42568	
0.368935	-2.04742	-1.42566	
0.368935	-2.04742	-1.42566	
0.369029	-2.04729	-1.4257	
0.368871	-2.04728	-1.42572	
0.368871	-2.04728	-1.42572	
0.368871	-2.04728	-1.42572	
0.369029	-2.04729	-1.4257	
0.36913	-2.04715	-1.42575	
0.368871	-2.04728	-1.42572	
0.36913	-2.04715	-1.42575	
0.368972	-2.04714	-1.42577	
0.36913	-2.04715	-1.42575	
0.36913	-2.04715	-1.42575	
0.369066	-2.04701	-1.42581	
0.36913	-2.04715	-1.42575	
0.369224	-2.04702	-1.42579	
0.368843	-2.047	-1.42578	
0.369002	-2.04701	-1.42576	
0.368843	-2.047	-1.42578	
0.369002	-2.04701	-1.42576	
0.368843	-2.047	-1.42578	
0.369095	-2.04688	-1.42581	
0.369095	-2.04688	-1.42581	
0.369095	-2.04688	-1.42581	
0.368937	-2.04687	-1.42583	
0.36919	-2.04675	-1.42585	
0.369032	-2.04674	-1.42587	
0.368807	-2.04672	-1.42584	
0.368807	-2.04672	-1.42584	
0.368907	-2.04658	-1.42589	
0.368907	-2.04658	-1.42589	
0.368907	-2.04658	-1.42589	
0.369065	-2.0466	-1.42587	
0.368907	-2.04658	-1.42589	
0.369065	-2.0466	-1.42587	
0.369007	-2.04645	-1.42593	
0.369065	-2.0466	-1.42587	
0.369007	-2.04645	-1.42593	
0.369166	-2.04646	-1.42592	
0.369007	-2.04645	-1.42593	
0.369007	-2.04645	-1.42593	
0.369037	-2.04632	-1.42593	
0.368883	-2.04635	-1.42619	
0.369037	-2.04632	-1.42593	
0.368973	-2.04617	-1.426	
0.369131	-2.04618	-1.42598	
0.368973	-2.04617	-1.426	
0.368973	-2.04617	-1.426	
0.369021	-2.04604	-1.42599	
0.368863	-2.04603	-1.42601	
0.368945	-2.04587	-1.42592	
0.369115	-2.04591	-1.42604	
0.369103	-2.04588	-1.4259	
0.368957	-2.0459	-1.42606	
0.369045	-2.04573	-1.42596	
0.369204	-2.04574	-1.42594	
0.369204	-2.04574	-1.42594	
0.369204	-2.04574	-1.42594	
0.369045	-2.04573	-1.42596	
0.369045	-2.04573	-1.42596	
0.369146	-2.04559	-1.42601	
0.369304	-2.04561	-1.42599	
0.369146	-2.04559	-1.42601	
0.369304	-2.04561	-1.42599	
0.369146	-2.04559	-1.42601	
0.369146	-2.04559	-1.42601	
0.369397	-2.04548	-1.42603	
0.369015	-2.04545	-1.42602	
0.369189	-2.04553	-1.42618	
0.369109	-2.04532	-1.42607	
0.369268	-2.04533	-1.42605	
0.369219	-2.04526	-1.42628	
0.369203	-2.04519	-1.42611	
0.369377	-2.04527	-1.42626	
0.369361	-2.0452	-1.42609	
0.369219	-2.04526	-1.42628	
0.369319	-2.04512	-1.42633	
0.369319	-2.04512	-1.42633	
0.369319	-2.04512	-1.42633	
0.369477	-2.04513	-1.42631	
0.369477	-2.04513	-1.42631	
0.369319	-2.04512	-1.42633	
0.36935	-2.04499	-1.42633	
0.369191	-2.04497	-1.42635	
0.369191	-2.04497	-1.42635	
0.369191	-2.04497	-1.42635	
0.369069	-2.04482	-1.42637	
0.369127	-2.04497	-1.4263	
0.36931	-2.04473	-1.42631	
0.369069	-2.04482	-1.42637	
0.369069	-2.04482	-1.42637	
0.369069	-2.04482	-1.42637	
0.369069	-2.04482	-1.42637	
0.369306	-2.04467	-1.42621	
0.369321	-2.0447	-1.42639	
0.369163	-2.04469	-1.42641	
0.369163	-2.04469	-1.42641	
0.369321	-2.0447	-1.42639	
0.369321	-2.0447	-1.42639	
0.369163	-2.04469	-1.42641	
0.369321	-2.0447	-1.42639	
0.369258	-2.04456	-1.42645	
0.369242	-2.04453	-1.42627	
0.369416	-2.04457	-1.42643	
0.3694	-2.04454	-1.42625	
0.369358	-2.04442	-1.4265	
0.369358	-2.04442	-1.4265	
0.369516	-2.04443	-1.42648	
0.369516	-2.04443	-1.42648	
0.369516	-2.04443	-1.42648	
0.369516	-2.04443	-1.42648	
0.369403	-2.04429	-1.4265	
0.369245	-2.04428	-1.42652	
0.369498	-2.04416	-1.42654	
0.369403	-2.04429	-1.4265	
0.369339	-2.04415	-1.42656	
0.369498	-2.04416	-1.42654	
0.369339	-2.04415	-1.42656	
0.369339	-2.04415	-1.42656	
0.369498	-2.04416	-1.42654	
0.369433	-2.04402	-1.4266	
0.369591	-2.04403	-1.42658	
0.369591	-2.04403	-1.42658	
0.369433	-2.04402	-1.4266	
0.369433	-2.04402	-1.4266	
0.369692	-2.04389	-1.42663	
0.369533	-2.04388	-1.42665	
0.369692	-2.04389	-1.42663	
0.369533	-2.04388	-1.42665	
0.369676	-2.04386	-1.42645	
0.369634	-2.04374	-1.4267	
0.369792	-2.04375	-1.42668	
0.369634	-2.04374	-1.4267	
0.369634	-2.04374	-1.4267	
0.369728	-2.04361	-1.42674	
0.369648	-2.04361	-1.42669	
0.36949	-2.0436	-1.42671	
0.369648	-2.04361	-1.42669	
0.36949	-2.0436	-1.42671	
0.36949	-2.0436	-1.42671	
0.369742	-2.04348	-1.42674	
0.369742	-2.04348	-1.42674	
0.369742	-2.04348	-1.42674	
0.369584	-2.04347	-1.42676	
0.369682	-2.04339	-1.42704	
0.369584	-2.04347	-1.42676	
0.369678	-2.04333	-1.4268	
0.369837	-2.04335	-1.42678	
0.369837	-2.04335	-1.42678	
0.369779	-2.0432	-1.42685	
0.369779	-2.0432	-1.42685	
0.369791	-2.04322	-1.42699	
0.369949	-2.04324	-1.42697	
0.369949	-2.04324	-1.42697	
0.369807	-2.04326	-1.42717	
0.369807	-2.04326	-1.42717	
0.369979	-2.04331	-1.42732	
0.369825	-2.04334	-1.42758	
0.370084	-2.04322	-1.42761	
0.369921	-2.04315	-1.42738	
0.369921	-2.04315	-1.42738	
0.37008	-2.04317	-1.42736	
0.369921	-2.04315	-1.42738	
0.37008	-2.04317	-1.42736	
0.370015	-2.04302	-1.42743	
0.370159	-2.043	-1.42724	
0.370015	-2.04302	-1.42743	
0.370001	-2.04299	-1.42726	
0.370001	-2.04299	-1.42726	
0.370175	-2.04307	-1.42741	
0.370095	-2.04286	-1.4273	
0.370001	-2.04299	-1.42726	
0.370254	-2.04287	-1.42728	
0.370095	-2.04286	-1.4273	
0.370095	-2.04286	-1.4273	
0.370254	-2.04287	-1.42728	
0.370095	-2.04286	-1.4273	
0.370254	-2.04287	-1.42728	
0.370347	-2.04274	-1.42733	
0.370189	-2.04273	-1.42735	
0.370189	-2.04273	-1.42735	
0.370189	-2.04273	-1.42735	
0.370332	-2.04271	-1.42714	
0.370189	-2.04273	-1.42735	
0.370332	-2.04271	-1.42714	
0.370347	-2.04274	-1.42733	
0.370289	-2.04259	-1.42739	
0.370293	-2.04264	-1.42763	
0.370289	-2.04259	-1.42739	
0.370542	-2.04247	-1.42742	
0.370289	-2.04259	-1.42739	
0.370384	-2.04246	-1.42744	
0.370542	-2.04247	-1.42742	
0.370384	-2.04246	-1.42744	
0.370384	-2.04246	-1.42744	
0.370542	-2.04247	-1.42742	
0.370384	-2.04246	-1.42744	
0.3704	-2.04253	-1.42761	
0.370482	-2.04238	-1.42772	
0.370494	-2.0424	-1.42765	
0.370478	-2.04233	-1.42748	
0.370636	-2.04234	-1.42746	
0.370494	-2.0424	-1.42765	
0.370652	-2.04241	-1.42763	
0.370636	-2.04234	-1.42746	
0.370494	-2.0424	-1.42765	
0.370636	-2.04234	-1.42746	
0.370752	-2.04227	-1.42768	
0.370752	-2.04227	-1.42768	
0.370594	-2.04226	-1.4277	
0.370752	-2.04227	-1.42768	
0.370752	-2.04227	-1.42768	
0.370594	-2.04226	-1.4277	
0.370688	-2.04213	-1.42774	
0.370639	-2.04213	-1.4277	
0.370639	-2.04213	-1.4277	
0.370481	-2.04212	-1.42772	
0.370481	-2.04212	-1.42772	
0.370485	-2.04217	-1.42796	
0.370481	-2.04212	-1.42772	
0.370582	-2.04198	-1.42776	
0.370582	-2.04198	-1.42776	
0.370582	-2.04198	-1.42776	
0.370724	-2.04196	-1.42756	
0.370582	-2.04198	-1.42776	
0.370344	-2.04193	-1.42755	
0.37036	-2.04196	-1.42774	
0.370344	-2.04193	-1.42755	
0.370438	-2.0418	-1.4276	
0.370453	-2.04184	-1.42778	
0.370442	-2.04185	-1.42784	
0.370612	-2.04185	-1.42776	
0.370453	-2.04184	-1.42778	
0.370453	-2.04184	-1.42778	
0.370705	-2.04172	-1.4278	
0.370547	-2.04171	-1.42782	
0.370547	-2.04171	-1.42782	
0.370547	-2.04171	-1.42782	
0.370709	-2.04177	-1.42804	
0.370561	-2.04174	-1.42799	
0.370566	-2.04179	-1.42823	
0.370575	-2.04177	-1.42815	
0.370461	-2.04166	-1.42833	
0.370394	-2.04185	-1.42861	
0.370518	-2.04179	-1.42899	
0.370704	-2.04186	-1.42929	
0.370736	-2.04198	-1.42986	
0.37059	-2.04195	-1.42982	
0.37059	-2.04195	-1.42982	
0.370762	-2.042	-1.42997	
0.370604	-2.04198	-1.42999	
0.370604	-2.04198	-1.42999	
0.370604	-2.04198	-1.42999	
0.370604	-2.04198	-1.42999	
0.370705	-2.04185	-1.43004	
0.370604	-2.04198	-1.42999	
0.370705	-2.04185	-1.43004	
0.370722	-2.04193	-1.43043	
0.370722	-2.04193	-1.43043	
0.370722	-2.04193	-1.43043	
0.370732	-2.04191	-1.43036	
0.370815	-2.04181	-1.43032	
0.370525	-2.04193	-1.4305	
0.370525	-2.04193	-1.4305	
0.370625	-2.04179	-1.43055	
0.370625	-2.04179	-1.43055	
0.370783	-2.0418	-1.43053	
0.370625	-2.04179	-1.43055	
0.370625	-2.04179	-1.43055	
0.370629	-2.04184	-1.43079	
0.370629	-2.04184	-1.43079	
0.370629	-2.04184	-1.43079	
0.370629	-2.04184	-1.43079	
0.370772	-2.04182	-1.4306	
0.370708	-2.04168	-1.43066	
0.370704	-2.04163	-1.43042	
0.370784	-2.04146	-1.4303	
0.370784	-2.04146	-1.4303	
0.370784	-2.04146	-1.4303	
0.370853	-2.04133	-1.43011	
0.370864	-2.0413	-1.43019	
0.370864	-2.0413	-1.43019	
0.370864	-2.0413	-1.43019	
0.370864	-2.0413	-1.43019	
0.370864	-2.0413	-1.43019	
0.370658	-2.04129	-1.43016	
0.370658	-2.04129	-1.43016	
0.370643	-2.04126	-1.42999	
0.370801	-2.04127	-1.42997	
0.370738	-2.04113	-1.43004	
0.370738	-2.04113	-1.43004	
0.370738	-2.04113	-1.43004	
0.370738	-2.04113	-1.43004	
0.370503	-2.04113	-1.43007	
0.370499	-2.04108	-1.42983	
0.370499	-2.04108	-1.42983	
0.370606	-2.04093	-1.42988	
0.370606	-2.04093	-1.42988	
0.370606	-2.04093	-1.42988	
0.370609	-2.04097	-1.42991	
0.370593	-2.0409	-1.42973	
0.370768	-2.04098	-1.42989	
0.370593	-2.0409	-1.42973	
0.370609	-2.04097	-1.42991	
0.370593	-2.0409	-1.42973	
0.370609	-2.04097	-1.42991	
0.370768	-2.04098	-1.42989	
0.370609	-2.04097	-1.42991	
0.370593	-2.0409	-1.42973	
0.370704	-2.04084	-1.42995	
0.370704	-2.04084	-1.42995	
0.370704	-2.04084	-1.42995	
0.370704	-2.04084	-1.42995	
0.370798	-2.04071	-1.43	
0.370704	-2.04084	-1.42995	
0.370798	-2.04071	-1.43	
0.370846	-2.04078	-1.42976	
0.370802	-2.04076	-1.43024	
0.37077	-2.04066	-1.42988	
0.370563	-2.04071	-1.43003	
0.370722	-2.04072	-1.43001	
0.370547	-2.04064	-1.42985	
0.370563	-2.04071	-1.43003	
0.370547	-2.04064	-1.42985	
0.370563	-2.04071	-1.43003	
0.370658	-2.04058	-1.43007	
0.370816	-2.04059	-1.43005	
0.370658	-2.04058	-1.43007	
0.370658	-2.04058	-1.43007	
0.370658	-2.04058	-1.43007	
0.370658	-2.04058	-1.43007	
0.370752	-2.04045	-1.43011	
0.370752	-2.04045	-1.43011	
0.370752	-2.04045	-1.43011	
0.370752	-2.04045	-1.43011	
0.370752	-2.04045	-1.43011	
0.370752	-2.04045	-1.43011	
0.370752	-2.04045	-1.43011	
0.370752	-2.04045	-1.43011	
0.370737	-2.04042	-1.42995	
0.370852	-2.04031	-1.43016	
0.370838	-2.04028	-1.42999	
0.370838	-2.04028	-1.42999	
0.370996	-2.04029	-1.42997	
0.370938	-2.04014	-1.43004	
0.370938	-2.04014	-1.43004	
0.370938	-2.04014	-1.43004	
0.371096	-2.04015	-1.43002	
0.370938	-2.04014	-1.43004	
0.370938	-2.04014	-1.43004	
0.371032	-2.04001	-1.43008	
0.371032	-2.04001	-1.43008	
0.371032	-2.04001	-1.43008	
0.371029	-2.03996	-1.42984	
0.371029	-2.03996	-1.42984	
0.371029	-2.03996	-1.42984	
0.371122	-2.03983	-1.42988	
0.371122	-2.03983	-1.42988	
0.371122	-2.03983	-1.42988	
0.371205	-2.03972	-1.42985	
0.371217	-2.0397	-1.42993	
0.371221	-2.03975	-1.43017	
0.371217	-2.0397	-1.42993	
0.371217	-2.0397	-1.42993	
0.371221	-2.03975	-1.43017	
0.371317	-2.03956	-1.42997	
0.371317	-2.03956	-1.42997	
0.371317	-2.03956	-1.42997	
0.371317	-2.03956	-1.42997	
0.371321	-2.03961	-1.43021	
0.371411	-2.03943	-1.43002	
0.371411	-2.03943	-1.43002	
0.371415	-2.03948	-1.43026	
0.371411	-2.03943	-1.43002	
0.371505	-2.0393	-1.43006	
0.371505	-2.0393	-1.43006	
0.371509	-2.03935	-1.4303	
0.371505	-2.0393	-1.43006	
0.371505	-2.0393	-1.43006	
0.371505	-2.0393	-1.43006	
0.371606	-2.03916	-1.43011	
0.371606	-2.03916	-1.43011	
0.371764	-2.03917	-1.43009	
0.371606	-2.03916	-1.43011	
0.371699	-2.03903	-1.43015	
0.371606	-2.03916	-1.43011	
0.371699	-2.03903	-1.43015	
0.371699	-2.03903	-1.43015	
0.3718	-2.03889	-1.4302	
0.3718	-2.03889	-1.4302	
0.3718	-2.03889	-1.4302	
0.3718	-2.03889	-1.4302	
0.3718	-2.03889	-1.4302	
0.371658	-2.03877	-1.43014	
0.37167	-2.03874	-1.43021	
0.37167	-2.03874	-1.43021	
0.371656	-2.03871	-1.43006	
0.371656	-2.03871	-1.43006	
0.371656	-2.03871	-1.43006	
0.37175	-2.03858	-1.4301	
0.371656	-2.03871	-1.43006	
0.37175	-2.03858	-1.4301	
0.37175	-2.03858	-1.4301	
0.37175	-2.03858	-1.4301	
0.371844	-2.03845	-1.43014	
0.371848	-2.0385	-1.43039	
0.371723	-2.03834	-1.43009	
0.37164	-2.03844	-1.43012	
0.371644	-2.03849	-1.43036	
0.371744	-2.03835	-1.43041	
0.37174	-2.0383	-1.43017	
0.37174	-2.0383	-1.43017	
0.37174	-2.0383	-1.43017	
0.37174	-2.0383	-1.43017	
0.37174	-2.0383	-1.43017	
0.37184	-2.03816	-1.43021	
0.3716	-2.03815	-1.43018	
0.3716	-2.03815	-1.43018	
0.3716	-2.03815	-1.43018	
0.3716	-2.03815	-1.43018	
0.371777	-2.03791	-1.43019	
0.371694	-2.03802	-1.43023	
0.371694	-2.03802	-1.43023	
0.371694	-2.03802	-1.43023	
0.371694	-2.03802	-1.43023	
0.371788	-2.03789	-1.43027	
0.371804	-2.03796	-1.43044	
0.371588	-2.03793	-1.43049	
0.3716	-2.03794	-1.43042	
0.371677	-2.03774	-1.43029	
0.371677	-2.03774	-1.43029	
0.371693	-2.03781	-1.43046	
0.371681	-2.0378	-1.43053	
0.371697	-2.03786	-1.4307	
0.371697	-2.03786	-1.4307	
0.371775	-2.03767	-1.43057	
0.371791	-2.03773	-1.43075	
0.371858	-2.03756	-1.43054	
0.371791	-2.03773	-1.43075	
0.371775	-2.03767	-1.43057	
0.371874	-2.03763	-1.43071	
0.371876	-2.03753	-1.43062	
0.371892	-2.03759	-1.43079	
0.371876	-2.03753	-1.43062	
0.371892	-2.03759	-1.43079	
0.371876	-2.03753	-1.43062	
0.371668	-2.03758	-1.43077	
0.371768	-2.03744	-1.43081	
0.371768	-2.03744	-1.43081	
0.371768	-2.03744	-1.43081	
0.371851	-2.03734	-1.43078	
0.371768	-2.03744	-1.43081	
0.371862	-2.03731	-1.43086	
0.37174	-2.0372	-1.4308	
0.371657	-2.0373	-1.43083	
0.371657	-2.0373	-1.43083	
0.371835	-2.03706	-1.43084	
0.371752	-2.03717	-1.43087	
