5.4555	14.9304	3.40649	
5.45607	14.9337	3.39279	
5.45643	14.9373	3.37878	
5.46097	14.9228	3.34694	
5.47973	14.8317	3.23866	
5.50167	14.6787	3.08171	
5.52536	14.4777	2.89999	
5.55438	14.2251	2.68422	
5.59051	13.9166	2.42164	
5.63174	13.5523	2.11521	
5.67323	13.1399	1.77106	
5.71481	12.6898	1.40489	
5.75914	12.211	1.02087	
5.81034	11.7123	0.614347	
5.86954	11.2052	0.190226	
5.93474	10.7008	-0.236348	
6.0024	10.2089	-0.654892	
6.06981	9.74297	-1.05225	
6.13582	9.3123	-1.42283	
6.19785	8.92176	-1.76434	
6.25374	8.57949	-2.06445	
6.30269	8.28301	-2.32062	
6.34238	8.03279	-2.52933	
6.37296	7.82577	-2.69669	
6.39262	7.65894	-2.82135	
6.39704	7.53214	-2.90301	
6.38663	7.44099	-2.94476	
6.35919	7.38366	-2.9454	
6.31617	7.35565	-2.90903	
6.25936	7.35096	-2.84114	
6.1924	7.36739	-2.74432	
6.11648	7.40021	-2.62228	
6.03294	7.4437	-2.47909	
5.94255	7.49553	-2.32373	
5.84887	7.54956	-2.16052	
5.75484	7.60238	-1.99896	
5.66538	7.64825	-1.84481	
5.58278	7.68345	-1.69835	
5.50442	7.70653	-1.56512	
5.42924	7.71452	-1.45166	
5.35789	7.70716	-1.36257	
5.29227	7.68153	-1.30007	
5.23498	7.63692	-1.26136	
5.18862	7.57312	-1.24841	
5.15295	7.49111	-1.26453	
5.12683	7.39211	-1.31221	
5.10921	7.27941	-1.39551	
5.10007	7.15567	-1.50825	
5.09837	7.02445	-1.64558	
5.10578	6.88766	-1.80557	
5.12174	6.74785	-1.98243	
5.14553	6.6096	-2.17191	
5.17685	6.47579	-2.36574	
5.21576	6.34771	-2.55784	
5.2615	6.22704	-2.742	
5.31312	6.11429	-2.91837	
5.3663	6.01028	-3.08377	
5.41966	5.91512	-3.23463	
5.47227	5.82845	-3.36603	
5.52016	5.75228	-3.47608	
5.56198	5.68603	-3.56554	
5.59869	5.62777	-3.63379	
5.62753	5.57822	-3.6774	
5.64705	5.53601	-3.69561	
5.65731	5.50037	-3.6938	
5.65607	5.47184	-3.67325	
5.64175	5.44993	-3.63259	
5.61419	5.4343	-3.5739	
5.57389	5.42334	-3.49766	
5.52141	5.41687	-3.40985	
5.45812	5.41412	-3.31621	
5.38661	5.4136	-3.22236	
5.31337	5.41309	-3.13138	
5.24111	5.41105	-3.04127	
5.17219	5.40619	-2.95228	
5.10637	5.39832	-2.86247	
5.04465	5.38657	-2.77248	
4.98624	5.37175	-2.68509	
4.93404	5.35345	-2.60509	
4.88895	5.3313	-2.53515	
4.85348	5.30552	-2.47731	
4.827	5.27602	-2.43203	
4.80747	5.24394	-2.39924	
4.79282	5.21109	-2.38058	
4.78236	5.17731	-2.37456	
4.77658	5.1432	-2.38006	
4.77517	5.10827	-2.39229	
4.77808	5.0731	-2.41248	
4.78378	5.0395	-2.44115	
4.79271	5.00676	-2.47283	
4.80624	4.97418	-2.50467	
4.82561	4.94143	-2.53769	
4.84944	4.90897	-2.57091	
4.87628	4.87688	-2.60114	
4.90578	4.84585	-2.63169	
4.93526	4.81699	-2.66342	
4.96577	4.78952	-2.69391	
4.99522	4.76373	-2.72178	
5.02429	4.74006	-2.75134	
5.05179	4.71876	-2.78188	
5.07796	4.69877	-2.80974	
5.10222	4.68055	-2.83575	
5.12212	4.66533	-2.86168	
5.13757	4.65295	-2.8874	
5.14841	4.64264	-2.90927	
5.15293	4.63457	-2.92598	
5.15071	4.62881	-2.93795	
5.14182	4.62585	-2.94877	
5.12491	4.62545	-2.95454	
5.09914	4.62738	-2.95237	
5.06422	4.63207	-2.944	
5.02135	4.63897	-2.93063	
4.97335	4.64744	-2.91479	
4.92392	4.65619	-2.89719	
4.87494	4.66435	-2.87692	
4.82625	4.67204	-2.85451	
4.77776	4.67966	-2.83221	
4.7302	4.68716	-2.81132	
4.68404	4.69379	-2.78925	
4.63964	4.69923	-2.76439	
4.60057	4.70205	-2.7375	
4.56739	4.70248	-2.71065	
4.54255	4.70025	-2.68696	
4.52324	4.69617	-2.665	
4.5075	4.69012	-2.64007	
4.49289	4.68247	-2.60903	
4.47889	4.67363	-2.57247	
4.46462	4.66475	-2.53434	
4.45221	4.65475	-2.49375	
4.44002	4.64455	-2.45184	
4.42831	4.63375	-2.40692	
4.41915	4.62142	-2.35846	
4.4136	4.60733	-2.30703	
4.41145	4.59232	-2.25615	
4.41251	4.57678	-2.20756	
4.41803	4.56035	-2.16177	
4.42642	4.54368	-2.119	
4.43758	4.52687	-2.07939	
4.45145	4.50906	-2.03872	
4.46692	4.49144	-2.00079	
4.48381	4.47458	-1.96818	
4.50021	4.45927	-1.94081	
4.51678	4.44573	-1.92126	
4.53385	4.43316	-1.90641	
4.55035	4.42169	-1.8948	
4.56751	4.41086	-1.88666	
4.58284	4.40205	-1.88411	
4.59454	4.39527	-1.88397	
4.60238	4.39063	-1.88638	
4.6053	4.38806	-1.88885	
4.60089	4.38791	-1.8888	
4.59041	4.39024	-1.88891	
4.57101	4.39581	-1.88779	
4.5446	4.40343	-1.88339	
4.5118	4.41248	-1.87384	
4.47154	4.42292	-1.85712	
4.42609	4.43503	-1.83888	
4.37652	4.44853	-1.81982	
4.32742	4.46161	-1.79942	
4.28158	4.47327	-1.77795	
4.23964	4.48304	-1.75413	
4.20137	4.49173	-1.73154	
4.16623	4.5001	-1.71299	
4.13246	4.50823	-1.69559	
4.10022	4.51572	-1.67752	
4.06774	4.52283	-1.65693	
4.03639	4.52942	-1.63551	
4.00746	4.53599	-1.61825	
3.98058	4.54269	-1.60517	
3.95488	4.54931	-1.59352	
3.93066	4.55546	-1.5818	
3.90879	4.56124	-1.57217	
3.88961	4.5669	-1.56641	
3.87475	4.57185	-1.56446	
3.86298	4.5763	-1.56503	
3.85263	4.58014	-1.56457	
3.84541	4.5829	-1.56365	
3.84028	4.58559	-1.56552	
3.83726	4.58805	-1.56943	
3.83608	4.59004	-1.57355	
3.83603	4.59152	-1.57639	
3.83625	4.59254	-1.57661	
3.83733	4.59354	-1.57752	
3.83896	4.59479	-1.57992	
3.84041	4.596	-1.58108	
3.84283	4.59676	-1.58082	
3.84426	4.59761	-1.57874	
3.84582	4.59858	-1.57667	
3.84635	4.60046	-1.57668	
3.84478	4.60293	-1.57513	
3.84286	4.60539	-1.57198	
3.84149	4.60737	-1.56661	
3.8405	4.60864	-1.55731	
3.83933	4.60992	-1.54688	
3.83738	4.61198	-1.53815	
3.83444	4.61459	-1.52981	
3.8304	4.61743	-1.5201	
3.82508	4.62024	-1.50739	
3.81769	4.6235	-1.49277	
3.80957	4.62715	-1.47804	
3.80022	4.63195	-1.46631	
3.78951	4.6376	-1.45585	
3.7783	4.64371	-1.44631	
3.76617	4.65011	-1.43615	
3.75328	4.65678	-1.4253	
3.73953	4.6643	-1.41655	
3.72464	4.67284	-1.41036	
3.70913	4.6825	-1.40871	
3.69279	4.69233	-1.40628	
3.67673	4.70203	-1.40339	
3.66121	4.71142	-1.39931	
3.64668	4.72099	-1.39709	
3.63326	4.73064	-1.39642	
3.62011	4.74041	-1.39624	
3.60751	4.75	-1.39587	
3.59501	4.75907	-1.39263	
3.58211	4.7679	-1.38696	
3.56876	4.77693	-1.38114	
3.55521	4.78633	-1.37626	
3.54184	4.79569	-1.37115	
3.5289	4.80445	-1.364	
3.51632	4.81268	-1.3545	
3.50435	4.82038	-1.34334	
3.49327	4.82768	-1.33079	
3.48209	4.8353	-1.31905	
3.47068	4.84323	-1.30789	
3.4592	4.85117	-1.29618	
3.44688	4.85916	-1.28322	
3.43428	4.86668	-1.26742	
3.42129	4.87474	-1.25347	
3.40816	4.88322	-1.24164	
3.39493	4.89196	-1.23055	
3.3809	4.90122	-1.22113	
3.36722	4.90996	-1.21002	
3.35408	4.91805	-1.19647	
3.3414	4.92581	-1.18236	
3.32926	4.93421	-1.17215	
3.31796	4.94294	-1.16433	
3.30668	4.9522	-1.15947	
3.29595	4.96103	-1.15307	
3.28536	4.96948	-1.14552	
3.27503	4.9776	-1.13745	
3.26461	4.98579	-1.12999	
3.25354	4.99483	-1.12648	
3.24233	5.00375	-1.12298	
3.23122	5.01224	-1.11783	
3.22058	5.01971	-1.10949	
3.21111	5.02646	-1.1001	
3.2021	5.033	-1.09112	
3.19422	5.03949	-1.08429	
3.18773	5.0452	-1.07636	
3.18271	5.05009	-1.068	
3.17865	5.05387	-1.05699	
3.17503	5.05681	-1.04406	
3.1718	5.05926	-1.03099	
3.16841	5.06178	-1.01911	
3.1655	5.0641	-1.0082	
3.1632	5.06561	-0.995732	
3.16144	5.06628	-0.981461	
3.16076	5.0661	-0.96641	
3.16029	5.06566	-0.951871	
3.16044	5.06532	-0.939983	
3.16129	5.06445	-0.928137	
3.16265	5.06261	-0.914228	
3.16403	5.05983	-0.898114	
3.16555	5.05622	-0.880382	
3.16684	5.05209	-0.861923	
3.16869	5.04798	-0.84605	
3.17132	5.04343	-0.831203	
3.17517	5.03812	-0.816772	
3.17996	5.03103	-0.798355	
3.18522	5.02289	-0.778423	
3.19116	5.01392	-0.758185	
3.19833	5.00435	-0.739555	
3.20629	4.99395	-0.720974	
3.21542	4.98268	-0.702761	
3.22502	4.97032	-0.68309	
3.23489	4.95755	-0.663956	
3.24494	4.9443	-0.645309	
3.25576	4.93092	-0.629444	
3.26742	4.91725	-0.615989	
3.27994	4.90261	-0.602336	
3.29214	4.88726	-0.587501	
3.30479	4.87091	-0.571812	
3.31791	4.85398	-0.557027	
3.33096	4.83753	-0.545808	
3.34507	4.82121	-0.53865	
3.35957	4.80434	-0.531772	
3.37354	4.7874	-0.525331	
3.38789	4.76973	-0.518767	
3.40151	4.75234	-0.513933	
3.4166	4.73455	-0.511814	
3.43161	4.71616	-0.509694	
3.44697	4.69712	-0.507094	
3.46262	4.67744	-0.504219	
3.4785	4.65766	-0.502954	
3.49534	4.63731	-0.503394	
3.51194	4.61619	-0.503184	
3.52744	4.59473	-0.500958	
3.5419	4.57288	-0.496785	
3.55468	4.55118	-0.491577	
3.56709	4.52962	-0.487292	
3.57861	4.50745	-0.481797	
3.58941	4.48469	-0.4747	
3.59941	4.46104	-0.464593	
3.6086	4.43672	-0.453014	
3.61599	4.41282	-0.441679	
3.62208	4.38889	-0.430756	
3.62571	4.36502	-0.417906	
3.62627	4.34086	-0.401222	
3.62417	4.3159	-0.380802	
3.62131	4.2905	-0.359171	
3.61624	4.26609	-0.338557	
3.61016	4.24183	-0.318296	
3.6026	4.21824	-0.29823	
3.59362	4.19459	-0.27662	
3.58348	4.17174	-0.255492	
3.57357	4.14872	-0.23533	
3.56377	4.12514	-0.215782	
3.55506	4.10077	-0.196862	
3.54675	4.0749	-0.175746	
3.54185	4.04727	-0.154505	
3.54008	4.01867	-0.134927	
3.54293	3.98897	-0.119339	
3.55032	3.95785	-0.106622	
3.56138	3.92523	-0.0959431	
3.57389	3.89134	-0.08416	
3.5881	3.85668	-0.0725362	
3.60351	3.82163	-0.0623977	
3.62039	3.7869	-0.0550037	
3.63805	3.75319	-0.0505841	
3.65555	3.7201	-0.0465622	
3.67172	3.68798	-0.0414948	
3.68736	3.65625	-0.0361803	
3.70291	3.62455	-0.0314081	
3.718	3.59347	-0.0279374	
3.73149	3.56229	-0.0230331	
3.74237	3.5312	-0.0155877	
3.75144	3.49935	-0.00485632	
3.75664	3.46762	0.00942494	
3.7585	3.43733	0.0244675	
3.75748	3.40788	0.0404148	
3.75333	3.3794	0.0577086	
3.74529	3.35283	0.076353	
3.73228	3.3279	0.098483	
3.71579	3.30375	0.122751	
3.69675	3.28053	0.147982	
3.67601	3.25715	0.174921	
3.65714	3.23383	0.200207	
3.64024	3.2103	0.224582	
3.6246	3.18721	0.247999	
3.61093	3.16411	0.269459	
3.59812	3.14192	0.289035	
3.58604	3.12073	0.307026	
3.57363	3.10132	0.324228	
3.5604	3.08317	0.342247	
3.5473	3.06599	0.359918	
3.53617	3.04977	0.374648	
3.52891	3.03327	0.385741	
3.52615	3.01578	0.393408	
3.52616	2.99789	0.399354	
3.52812	2.97953	0.404424	
3.53151	2.96115	0.408334	
3.53733	2.9416	0.410749	
3.54454	2.92169	0.412028	
3.55189	2.90126	0.413997	
3.55877	2.87975	0.418243	
3.56624	2.8574	0.42323	
3.57438	2.8344	0.428205	
3.5846	2.81041	0.431532	
3.59663	2.78507	0.434088	
3.60974	2.75822	0.436954	
3.62242	2.73008	0.441818	
3.63462	2.70128	0.448023	
3.64737	2.67195	0.453894	
3.65976	2.64269	0.459988	
3.67184	2.61335	0.466434	
3.68328	2.58405	0.47387	
3.69355	2.55541	0.48239	
3.7048	2.52633	0.490414	
3.71779	2.49667	0.497053	
3.73176	2.46691	0.502714	
3.74613	2.43767	0.50759	
3.75816	2.40881	0.515335	
3.76761	2.38107	0.525452	
3.77447	2.355	0.537393	
3.77987	2.33033	0.549984	
3.7826	2.30771	0.564192	
3.78265	2.28732	0.580008	
3.7797	2.2686	0.598409	
3.77286	2.25231	0.619794	
3.76403	2.23852	0.64182	
3.7551	2.22552	0.663695	
3.74799	2.21278	0.683557	
3.74325	2.20045	0.700594	
3.73966	2.18801	0.716704	
3.73537	2.17672	0.733015	
3.73177	2.16549	0.748809	
3.72923	2.1546	0.763416	
3.72891	2.14409	0.775432	
3.73033	2.13287	0.786408	
3.73259	2.12207	0.796443	
3.73591	2.11076	0.806014	
3.74111	2.09784	0.815075	
3.74958	2.08447	0.820876	
3.76265	2.06908	0.823063	
3.78028	2.05166	0.821511	
3.79894	2.03374	0.819173	
3.81958	2.01385	0.816076	
3.84081	1.99354	0.81277	
3.8633	1.9728	0.808611	
3.88718	1.95074	0.804089	
3.90967	1.9294	0.800974	
3.93056	1.90776	0.800115	
3.94919	1.88706	0.8016	
3.96709	1.86658	0.804232	
3.98369	1.84615	0.809036	
3.99927	1.8274	0.814311	
4.00982	1.81027	0.825005	
4.01676	1.79469	0.839585	
4.02093	1.78075	0.856951	
4.02559	1.76626	0.874774	
4.03133	1.75246	0.891219	
4.03665	1.73871	0.908283	
4.04024	1.72655	0.926579	
4.0413	1.71591	0.947045	
4.04198	1.70623	0.967876	
4.04228	1.69745	0.989208	
4.04353	1.68966	1.00937	
4.04447	1.68237	1.02987	
4.04622	1.67581	1.04886	
4.05015	1.6688	1.06508	
4.05754	1.66071	1.07787	
4.0682	1.65211	1.08697	
4.08061	1.64336	1.09451	
4.09323	1.63468	1.10168	
4.10487	1.6267	1.10947	
4.11633	1.61892	1.11749	
4.12925	1.61146	1.12381	
4.14375	1.60304	1.12943	
4.15989	1.59418	1.1332	
4.17721	1.5846	1.13557	
4.19507	1.57406	1.13724	
4.21629	1.5625	1.13483	
4.24033	1.54924	1.13009	
4.26522	1.53522	1.12465	
4.2904	1.52094	1.11885	
4.31434	1.50619	1.11462	
4.33673	1.49179	1.112	
4.35918	1.47723	1.10961	
4.38103	1.46068	1.10963	
4.40312	1.44465	1.10951	
4.42313	1.42873	1.11204	
4.44027	1.41362	1.11786	
4.45493	1.39981	1.12634	
4.46902	1.38527	1.13678	
4.48323	1.37048	1.14773	
4.49885	1.35545	1.15724	
4.51498	1.34027	1.16605	
4.52969	1.32633	1.17573	
4.54432	1.31245	1.18569	
4.5593	1.29914	1.19545	
4.57456	1.28637	1.2049	
4.58769	1.27392	1.21686	
4.59948	1.2626	1.22965	
4.61004	1.25176	1.24353	
4.62216	1.23946	1.25588	
4.63827	1.22568	1.26359	
4.65589	1.21133	1.26913	
4.67254	1.19729	1.27507	
4.68786	1.18347	1.28205	
4.70293	1.16999	1.28924	
4.71858	1.15665	1.29559	
4.73322	1.14289	1.30338	
4.74692	1.13013	1.31166	
4.75968	1.11755	1.3205	
4.77281	1.10466	1.32843	
4.78893	1.08986	1.33304	
4.80674	1.07358	1.33564	
4.82369	1.05797	1.33888	
4.83997	1.04192	1.34263	
4.85387	1.02659	1.34884	
4.86761	1.01142	1.35532	
4.88207	0.995268	1.36134	
4.89573	0.979158	1.36833	
4.90946	0.963422	1.37468	
4.92296	0.946755	1.38096	
4.93911	0.929519	1.38352	
4.95793	0.910652	1.38287	
4.97692	0.891631	1.38187	
4.99481	0.872686	1.38179	
5.01127	0.854768	1.38268	
5.02611	0.838141	1.385	
5.04124	0.820803	1.38711	
5.05641	0.803753	1.38892	
5.06976	0.786933	1.39249	
5.08331	0.770118	1.39492	
5.09735	0.753105	1.3962	
5.11251	0.735361	1.39575	
5.12799	0.717294	1.3947	
5.14121	0.700401	1.39578	
5.15192	0.68425	1.39938	
5.16137	0.668734	1.40422	
5.16978	0.653214	1.41015	
5.17805	0.637515	1.41628	
5.18664	0.621896	1.42159	
5.19549	0.606119	1.42583	
5.20459	0.589462	1.42931	
5.21437	0.572686	1.43157	
5.22444	0.555517	1.43349	
5.23481	0.537337	1.4351	
5.2443	0.520202	1.43742	
5.25244	0.503251	1.44108	
5.25924	0.486714	1.44615	
5.26793	0.469458	1.44877	
5.27872	0.450594	1.44858	
5.29053	0.431772	1.44658	
5.30222	0.413188	1.44416	
5.31226	0.395637	1.44341	
5.32238	0.378229	1.4424	
5.33248	0.360992	1.44133	
5.34087	0.344695	1.44219	
5.34658	0.33025	1.44594	
5.35068	0.316804	1.45123	
5.35537	0.303185	1.45552	
5.36127	0.288559	1.4581	
5.3672	0.274201	1.46033	
5.37138	0.260612	1.46444	
5.3728	0.248171	1.47178	
5.37319	0.236537	1.48025	
5.37331	0.224995	1.48897	
5.37416	0.212305	1.49671	
5.3765	0.199244	1.50215	
5.37962	0.185396	1.50629	
5.38218	0.171859	1.51092	
5.386	0.157618	1.51387	
5.39049	0.142799	1.51592	
5.395	0.128566	1.51771	
5.39928	0.115106	1.51947	
5.40378	0.101423	1.52078	
5.41141	0.0863569	1.51791	
5.42165	0.0700713	1.51152	
5.43193	0.0545704	1.50475	
5.44151	0.040279	1.49852	
5.44981	0.0269718	1.49367	
5.45771	0.0142212	1.48922	
5.46616	0.00191057	1.48389	
5.47363	-0.0101691	1.47971	
5.48031	-0.0208495	1.47618	
5.48781	-0.031907	1.47138	
5.49693	-0.0435882	1.46435	
5.50708	-0.0566988	1.45594	
5.51672	-0.0689764	1.44801	
5.52564	-0.0809401	1.44088	
5.53163	-0.0912612	1.43736	
5.5373	-0.101765	1.43429	
5.54219	-0.112474	1.43227	
5.54667	-0.123143	1.43074	
5.55003	-0.133508	1.43057	
5.5533	-0.143577	1.43035	
5.55654	-0.154638	1.43021	
5.55938	-0.165361	1.43055	
5.56226	-0.176525	1.43089	
5.56302	-0.186266	1.43391	
5.56117	-0.194485	1.44024	
5.55804	-0.202199	1.44822	
5.55539	-0.210486	1.45558	
5.55434	-0.21945	1.4608	
5.55287	-0.228277	1.46645	
5.55	-0.23596	1.47377	
5.54628	-0.243047	1.48213	
5.54324	-0.249688	1.48949	
5.54008	-0.256418	1.49699	
5.53822	-0.263996	1.50265	
5.53792	-0.271197	1.506	
5.53931	-0.278282	1.50693	
5.54142	-0.286107	1.5069	
5.54375	-0.292715	1.50638	
5.54575	-0.298605	1.50613	
5.54696	-0.304148	1.50683	
5.54881	-0.309078	1.50649	
5.55393	-0.314942	1.50172	
5.56204	-0.323063	1.49298	
5.57154	-0.330587	1.48219	
5.58007	-0.338002	1.4726	
5.58791	-0.345482	1.46387	
5.59672	-0.352734	1.45375	
5.60579	-0.361076	1.44329	
5.61444	-0.368095	1.43323	
5.6221	-0.375128	1.42442	
5.6314	-0.382623	1.41331	
5.64325	-0.390899	1.39873	
5.6564	-0.399832	1.38234	
5.66891	-0.408162	1.36669	
5.67895	-0.415831	1.35424	
5.68732	-0.421833	1.34386	
5.69481	-0.427213	1.33455	
5.70112	-0.432245	1.32676	
5.70474	-0.434764	1.32232	
5.70654	-0.437065	1.32026	
5.70768	-0.438542	1.31895	
5.70921	-0.440841	1.31707	
5.70873	-0.442772	1.3178	
5.70596	-0.442805	1.32142	
5.69955	-0.441148	1.32978	
5.69155	-0.438334	1.34012	
5.6831	-0.435214	1.35095	
5.67639	-0.433161	1.35938	
5.66937	-0.43024	1.36809	
5.66136	-0.427479	1.37806	
5.65302	-0.423326	1.38828	
5.64382	-0.419486	1.39958	
5.63722	-0.416337	1.40728	
5.63279	-0.415343	1.41205	
5.63088	-0.414471	1.41336	
5.62989	-0.414161	1.41334	
5.63021	-0.41436	1.41146	
5.63104	-0.415316	1.40881	
5.63308	-0.416646	1.40443	
5.63515	-0.416723	1.39984	
5.6387	-0.418009	1.39328	
5.64451	-0.42047	1.38364	
5.65347	-0.424239	1.3697	
5.66174	-0.428656	1.35666	
5.66885	-0.431578	1.34506	
5.67562	-0.4338	1.33383	
5.68226	-0.435652	1.32265	
5.69026	-0.438722	1.30963	
5.69898	-0.441367	1.29556	
5.70953	-0.444282	1.27903	
5.72176	-0.448572	1.2603	
5.73495	-0.453538	1.24021	
5.74856	-0.458012	1.21945	
5.76225	-0.463065	1.1985	
5.7732	-0.466779	1.18115	
5.78217	-0.469191	1.16636	
5.78969	-0.471804	1.15343	
5.79553	-0.473845	1.14261	
5.79999	-0.474397	1.13346	
5.80363	-0.476059	1.12552	
5.80538	-0.476599	1.12003	
5.80605	-0.476686	1.11586	
5.80438	-0.476378	1.11468	
5.79986	-0.474154	1.11712	
5.79178	-0.470827	1.1243	
5.78094	-0.465251	1.13505	
5.77049	-0.459909	1.14522	
5.76077	-0.455358	1.15437	
5.75093	-0.450959	1.16361	
5.74039	-0.446488	1.17383	
5.72795	-0.44064	1.18656	
5.71573	-0.434533	1.19903	
5.70522	-0.430166	1.20931	
5.69798	-0.427774	1.21531	
5.69125	-0.425712	1.22069	
5.68416	-0.423265	1.22656	
5.67662	-0.420329	1.23312	
5.67004	-0.417605	1.23836	
5.6651	-0.415042	1.24137	
5.66401	-0.414636	1.23931	
5.66439	-0.41492	1.23541	
5.66517	-0.415122	1.23106	
5.66642	-0.41614	1.22612	
5.6679	-0.417199	1.22084	
5.67097	-0.418266	1.21336	
5.67484	-0.419811	1.2048	
5.67967	-0.421182	1.195	
5.68707	-0.423638	1.18187	
5.6976	-0.429092	1.1647	
5.71162	-0.436338	1.14289	
5.72687	-0.444436	1.11951	
5.74107	-0.451851	1.09762	
5.75415	-0.458472	1.07727	
5.76614	-0.465024	1.05842	
5.77854	-0.471717	1.039	
5.79057	-0.478358	1.02011	
5.80046	-0.484109	1.00414	
5.8082	-0.488417	0.991135	
5.81582	-0.494185	0.978479	
5.82249	-0.499375	0.967129	
5.8281	-0.504775	0.95726	
5.83062	-0.508007	0.951502	
5.82868	-0.507901	0.951678	
5.82438	-0.507178	0.95504	
5.81688	-0.50379	0.962594	
5.80881	-0.499249	0.970869	
5.80068	-0.495793	0.979359	
5.78991	-0.490528	0.991485	
5.77766	-0.484052	1.00565	
5.7636	-0.477522	1.02237	
5.74975	-0.470614	1.03886	
5.73827	-0.464871	1.0523	
5.72838	-0.460182	1.06379	
5.7186	-0.455997	1.07535	
5.7083	-0.451168	1.08768	
5.69905	-0.447081	1.09873	
5.6911	-0.443648	1.10814	
5.68462	-0.440686	1.11571	
5.68072	-0.438824	1.11997	
5.67799	-0.437688	1.1228	
5.67661	-0.436664	1.12391	
5.67701	-0.436056	1.12271	
5.67972	-0.436062	1.11848	
5.68277	-0.435703	1.11388	
5.68575	-0.435722	1.1095	
5.69009	-0.43703	1.10347	
5.6968	-0.439413	1.09435	
5.70559	-0.442387	1.08251	
5.71559	-0.445231	1.06909	
5.72535	-0.448628	1.05612	
5.73347	-0.450981	1.04542	
5.7404	-0.453442	1.03641	
5.74684	-0.454915	1.02809	
5.75599	-0.458062	1.01625	
5.76863	-0.462971	0.999817	
5.7835	-0.468659	0.980455	
5.79701	-0.47481	0.963059	
5.80893	-0.480684	0.947868	
5.81817	-0.484969	0.93633	
5.82682	-0.489853	0.925745	
5.83427	-0.493392	0.916837	
5.83887	-0.494852	0.911806	
5.84155	-0.496022	0.909506	
5.84117	-0.495103	0.91133	
5.84063	-0.493719	0.913459	
5.83842	-0.492762	0.918016	
5.83354	-0.490661	0.926313	
5.82614	-0.487363	0.938093	
5.81648	-0.482131	0.952959	
5.8063	-0.475836	0.968544	
5.79724	-0.469723	0.982647	
5.7888	-0.464085	0.996019	
5.78093	-0.459291	1.00874	
5.77321	-0.454651	1.02137	
5.76592	-0.450623	1.03347	
5.759	-0.446492	1.04506	
5.75341	-0.443729	1.05488	
5.74759	-0.441526	1.06504	
5.74363	-0.439719	1.07274	
5.74151	-0.43856	1.078	
5.74031	-0.437157	1.08203	
5.73934	-0.435301	1.08573	
5.73832	-0.434479	1.08948	
5.73883	-0.435032	1.09113	
5.74101	-0.437069	1.09058	
5.74421	-0.439555	1.08872	
5.74782	-0.442905	1.08641	
5.75149	-0.445866	1.08401	
5.75507	-0.447747	1.08169	
5.75876	-0.449094	1.07916	
5.76602	-0.451477	1.07182	
5.77697	-0.456842	1.05962	
5.79062	-0.464667	1.0439	
5.80472	-0.472623	1.02762	
5.81831	-0.48171	1.01214	
5.83207	-0.489001	0.996362	
5.84563	-0.496269	0.980904	
5.85871	-0.503145	0.966162	
5.87085	-0.509034	0.95271	
5.88248	-0.515263	0.939998	
5.89248	-0.521244	0.929451	
5.89868	-0.525658	0.923939	
5.90244	-0.530245	0.921795	
5.9045	-0.532754	0.921873	
5.90467	-0.532393	0.924411	
5.90258	-0.530809	0.92997	
5.8982	-0.527669	0.938509	
5.8932	-0.524145	0.94772	
5.88562	-0.520396	0.960365	
5.87763	-0.515213	0.973451	
5.86979	-0.509491	0.986282	
5.86245	-0.503242	0.998329	
5.85542	-0.49715	1.00987	
5.84946	-0.49188	1.01986	
5.8431	-0.486294	1.03024	
5.83486	-0.481108	1.04313	
5.82724	-0.476724	1.05515	
5.82136	-0.472038	1.06471	
5.82013	-0.469346	1.068	
5.82024	-0.46811	1.0694	
5.82116	-0.467304	1.06963	
5.81973	-0.466435	1.07296	
5.81712	-0.464996	1.07778	
5.81298	-0.464721	1.08473	
5.81074	-0.464827	1.08905	
5.81022	-0.466418	1.09105	
5.81418	-0.468841	1.0869	
5.81792	-0.473445	1.08311	
5.82266	-0.477446	1.07781	
5.82737	-0.481766	1.07253	
5.83088	-0.486322	1.06885	
5.83307	-0.49209	1.06703	
5.83732	-0.496469	1.06225	
5.84088	-0.501827	1.05842	
5.84656	-0.507396	1.05161	
5.85284	-0.512298	1.04386	
5.85843	-0.517329	1.03699	
5.86287	-0.521542	1.03157	
5.86757	-0.525367	1.02571	
5.87368	-0.529131	1.01785	
5.87679	-0.530661	1.01386	
5.87663	-0.531124	1.01419	
5.87625	-0.530136	1.01462	
5.87414	-0.528592	1.01732	
5.87524	-0.526927	1.01551	
5.87187	-0.523859	1.01964	
5.86833	-0.519451	1.02382	
5.86191	-0.514981	1.03186	
5.85579	-0.51105	1.03944	
5.85043	-0.508425	1.04601	
5.84446	-0.50468	1.05326	
5.83774	-0.500785	1.06145	
5.83085	-0.496835	1.06979	
5.82434	-0.49384	1.07759	
5.82126	-0.492678	1.08076	
5.81924	-0.492339	1.08249	
5.81635	-0.491887	1.08537	
5.81095	-0.491136	1.09164	
5.80732	-0.488898	1.09531	
5.80486	-0.487128	1.09735	
5.80371	-0.485717	1.09754	
5.80396	-0.485433	1.09587	
5.80575	-0.486065	1.09211	
5.80559	-0.486672	1.09103	
5.80364	-0.486179	1.09228	
5.8014	-0.485575	1.09387	
5.79901	-0.483892	1.09552	
5.79779	-0.481742	1.09548	
5.7965	-0.480935	1.09558	
5.79591	-0.48053	1.09472	
5.79566	-0.481522	1.09348	
5.79431	-0.482368	1.09372	
5.79138	-0.482917	1.09607	
5.78812	-0.483249	1.0988	
5.78395	-0.482533	1.10265	
5.78239	-0.482422	1.10291	
5.7841	-0.483541	1.09876	
5.78722	-0.485732	1.0927	
5.78891	-0.487689	1.08856	
5.7861	-0.487545	1.09044	
5.78128	-0.485778	1.09493	
5.77696	-0.483109	1.09861	
5.77527	-0.481333	1.09872	
5.77539	-0.480474	1.09641	
5.77339	-0.478099	1.09688	
5.76897	-0.47501	1.10062	
5.76411	-0.470626	1.10487	
5.75953	-0.465602	1.10869	
5.755	-0.459395	1.11237	
5.74922	-0.45454	1.11788	
5.74127	-0.449044	1.12631	
5.73524	-0.444111	1.13211	
5.73045	-0.439284	1.13617	
5.72538	-0.432767	1.14049	
5.71821	-0.425813	1.14767	
5.7101	-0.419191	1.15624	
5.70315	-0.41512	1.16345	
5.69846	-0.41258	1.16768	
5.6956	-0.411238	1.16943	
5.69206	-0.409677	1.17207	
5.68723	-0.407951	1.17643	
5.68187	-0.405644	1.18151	
5.68047	-0.405487	1.1814	
5.6809	-0.406666	1.17891	
5.67989	-0.406812	1.17834	
5.67592	-0.407944	1.18189	
5.66979	-0.406959	1.18825	
5.66651	-0.406509	1.19073	
5.66783	-0.406269	1.18696	
5.66936	-0.405618	1.1829	
5.6687	-0.404374	1.18186	
5.66689	-0.402136	1.18235	
5.66732	-0.400276	1.17976	
5.66905	-0.396952	1.17526	
5.67079	-0.393203	1.17073	
5.67148	-0.389063	1.16765	
5.67146	-0.384823	1.1656	
5.67166	-0.380459	1.16331	
5.67145	-0.376299	1.1616	
5.67038	-0.371848	1.16107	
5.66749	-0.36628	1.16297	
5.66425	-0.360157	1.16536	
5.66414	-0.356683	1.16375	
5.66454	-0.354132	1.16157	
5.66272	-0.350351	1.16238	
5.65773	-0.346094	1.16753	
5.65187	-0.340922	1.17385	
5.64827	-0.335852	1.17712	
5.64611	-0.331279	1.17847	
5.64291	-0.32689	1.18132	
5.6364	-0.321692	1.18868	
5.62853	-0.315783	1.19791	
5.62016	-0.309677	1.20784	
5.6098	-0.301759	1.22038	
5.59884	-0.293756	1.23379	
5.58894	-0.285652	1.2458	
5.58042	-0.27849	1.25603	
5.57241	-0.270891	1.26554	
5.56376	-0.263609	1.27599	
5.55309	-0.255229	1.28919	
5.54472	-0.248789	1.29943	
5.54017	-0.243794	1.30462	
5.53878	-0.239154	1.30553	
5.53861	-0.234629	1.30484	
5.53794	-0.229998	1.30487	
5.53877	-0.226038	1.30297	
5.54301	-0.223161	1.29655	
5.54969	-0.221339	1.28695	
5.55678	-0.220117	1.2769	
5.56381	-0.218835	1.267	
5.5713	-0.217232	1.25651	
5.58061	-0.215728	1.24363	
5.58901	-0.212638	1.23195	
5.59549	-0.210851	1.22306	
5.5998	-0.208795	1.21717	
5.60349	-0.207177	1.21221	
5.60807	-0.205068	1.20608	
5.61111	-0.202407	1.20207	
5.61109	-0.19754	1.20217	
5.60846	-0.190729	1.20576	
5.60549	-0.183854	1.20988	
5.6019	-0.177741	1.21494	
5.59571	-0.171325	1.22359	
5.5861	-0.163602	1.23689	
5.5749	-0.155256	1.25241	
5.56399	-0.146303	1.26759	
5.5525	-0.136785	1.28361	
5.53926	-0.127273	1.30207	
5.52332	-0.117845	1.32428	
5.50627	-0.108259	1.34804	
5.49087	-0.0994411	1.36973	
5.4779	-0.0908498	1.38824	
5.46872	-0.0836228	1.40176	
5.46202	-0.0783361	1.41215	
5.45692	-0.0738893	1.42049	
5.45392	-0.0706409	1.42619	
5.45211	-0.0665997	1.43034	
5.45032	-0.0623795	1.43456	
5.45114	-0.0595126	1.43543	
5.45604	-0.0588574	1.431	
5.46369	-0.0589109	1.42298	
5.47048	-0.0580172	1.41616	
5.47638	-0.0568544	1.4106	
5.48218	-0.0545503	1.40522	
5.49066	-0.054038	1.39642	
5.50254	-0.0556613	1.38315	
5.51423	-0.0579791	1.37022	
5.5222	-0.0592424	1.36229	
5.52754	-0.0604261	1.35794	
5.53286	-0.0613108	1.3537	
5.53981	-0.0629103	1.34747	
5.54428	-0.0638795	1.34466	
5.54659	-0.0652941	1.3448	
5.5472	-0.0666466	1.34722	
5.54678	-0.0682786	1.35108	
5.54433	-0.068656	1.35773	
5.53877	-0.0673863	1.36868	
5.53028	-0.0667802	1.38377	
5.52011	-0.0647979	1.40121	
5.51043	-0.0637171	1.4181	
5.50021	-0.0615305	1.43575	
5.48575	-0.0569749	1.45909	
5.46958	-0.0526127	1.4848	
5.45348	-0.0476153	1.5106	
5.44196	-0.0447553	1.53046	
5.43338	-0.043378	1.54657	
5.42441	-0.0410482	1.56335	
5.41603	-0.0391413	1.57945	
5.40927	-0.0375172	1.59355	
5.4064	-0.0366509	1.60256	
5.40875	-0.0389686	1.60482	
5.41188	-0.0424075	1.60611	
5.41363	-0.045694	1.60928	
5.41616	-0.0495867	1.61144	
5.42078	-0.0535308	1.61087	
5.42816	-0.0598581	1.60663	
5.43588	-0.0674125	1.6019	
5.44164	-0.0757571	1.59968	
5.44629	-0.0847196	1.59882	
5.45019	-0.0933352	1.5989	
5.4548	-0.102692	1.59802	
5.45887	-0.112824	1.59775	
5.46258	-0.123685	1.59784	
5.46715	-0.136214	1.5966	
5.47071	-0.148499	1.59661	
5.47153	-0.160541	1.60013	
5.46965	-0.170546	1.6072	
5.46393	-0.17952	1.61937	
5.45803	-0.189265	1.63176	
5.45283	-0.199614	1.64318	
5.4463	-0.208652	1.65633	
5.4379	-0.21661	1.67189	
5.42639	-0.222268	1.69155	
5.41523	-0.228863	1.71078	
5.40623	-0.23668	1.72716	
5.40064	-0.246668	1.73901	
5.39369	-0.256658	1.7525	
5.38373	-0.26582	1.76988	
5.37381	-0.27496	1.78716	
5.36683	-0.286362	1.80046	
5.36317	-0.299185	1.8093	
5.36137	-0.313635	1.81543	
5.35713	-0.327537	1.82446	
5.35192	-0.341336	1.83443	
5.34905	-0.356856	1.84107	
5.34928	-0.374328	1.84334	
5.35211	-0.39304	1.84183	
5.35275	-0.411513	1.8428	
5.34993	-0.427391	1.84808	
5.34674	-0.443815	1.85351	
5.34492	-0.461291	1.85685	
5.3449	-0.479339	1.85751	
5.34404	-0.496726	1.85896	
5.33882	-0.511366	1.86591	
5.33177	-0.525076	1.87498	
5.32521	-0.540706	1.88293	
5.31951	-0.556888	1.88949	
5.31304	-0.572041	1.89684	
5.30452	-0.58614	1.90657	
5.29348	-0.599932	1.91916	
5.28276	-0.614839	1.93084	
5.27129	-0.63069	1.94299	
5.25889	-0.645567	1.95608	
5.24596	-0.660195	1.96949	
5.23266	-0.674824	1.983	
5.22076	-0.689972	1.99432	
5.21052	-0.707627	2.00269	
5.20096	-0.726239	2.0096	
5.19072	-0.746254	2.01658	
5.17951	-0.765141	2.02453	
5.1687	-0.784515	2.03147	
5.16004	-0.805911	2.03487	
5.15293	-0.829625	2.03532	
5.14614	-0.854397	2.03456	
5.13671	-0.877612	2.03685	
5.1269	-0.90038	2.03935	
5.11825	-0.923799	2.03987	
5.11054	-0.948719	2.03827	
5.10274	-0.97382	2.03611	
5.09008	-0.997184	2.0397	
5.07457	-1.01917	2.04673	
5.05856	-1.04014	2.05431	
5.04154	-1.06277	2.062	
5.02441	-1.08683	2.06873	
5.00475	-1.11023	2.07793	
4.98347	-1.12998	2.08964	
4.96025	-1.14852	2.10372	
4.93658	-1.16727	2.11779	
4.91423	-1.18959	2.12862	
4.89146	-1.21189	2.13913	
4.86666	-1.23403	2.15135	
4.84048	-1.25394	2.16561	
4.81529	-1.27294	2.17873	
4.79107	-1.29341	2.18964	
4.76841	-1.31612	2.19716	
4.74504	-1.33992	2.20432	
4.72086	-1.36239	2.21248	
4.69794	-1.38161	2.22034	
4.67736	-1.40001	2.22557	
4.65892	-1.42075	2.227	
4.64173	-1.44412	2.22518	
4.62375	-1.46685	2.22388	
4.60551	-1.48765	2.22349	
4.59025	-1.5075	2.2201	
4.57644	-1.52726	2.21494	
4.56361	-1.54799	2.20768	
4.55044	-1.56896	2.20001	
4.53547	-1.58947	2.19414	
4.51983	-1.60995	2.18884	
4.50503	-1.62928	2.18323	
4.49066	-1.64746	2.17727	
4.47406	-1.66722	2.17231	
4.45587	-1.68826	2.16779	
4.43493	-1.71022	2.16513	
4.41308	-1.72999	2.1643	
4.39101	-1.74744	2.16463	
4.36618	-1.76411	2.16795	
4.34089	-1.78184	2.17062	
4.3144	-1.79964	2.174	
4.2867	-1.81833	2.17774	
4.25883	-1.83494	2.18282	
4.23065	-1.84966	2.18908	
4.20264	-1.86477	2.19459	
4.17474	-1.88167	2.19854	
4.14596	-1.90041	2.20199	
4.1178	-1.91887	2.20495	
4.08943	-1.93564	2.20938	
4.06105	-1.95071	2.21499	
4.03194	-1.96781	2.22001	
4.00228	-1.98718	2.22382	
3.97381	-2.00832	2.22524	
3.94792	-2.02905	2.22428	
3.9218	-2.04788	2.22505	
3.89545	-2.0649	2.22736	
3.86816	-2.07979	2.23188	
3.84041	-2.09618	2.23565	
3.81476	-2.11371	2.23644	
3.79261	-2.13149	2.23354	
3.77225	-2.14824	2.2296	
3.75103	-2.16298	2.22787	
3.72923	-2.17645	2.22764	
3.70591	-2.18944	2.22925	
3.68328	-2.20373	2.22918	
3.6618	-2.22029	2.22627	
3.64327	-2.23793	2.21947	
3.62412	-2.25782	2.21148	
3.60435	-2.27666	2.20472	
3.58484	-2.29418	2.19876	
3.56338	-2.31096	2.19516	
3.54328	-2.32656	2.19119	
3.52416	-2.34246	2.18604	
3.50623	-2.35816	2.17977	
3.4869	-2.37245	2.17567	
3.46675	-2.38634	2.1724	
3.44601	-2.40012	2.16974	
3.42649	-2.41339	2.16644	
3.4073	-2.42568	2.16391	
3.38605	-2.43759	2.16377	
3.36091	-2.4489	2.16794	
3.33474	-2.4619	2.17172	
3.30939	-2.47754	2.17255	
3.28501	-2.49552	2.17062	
3.26222	-2.51246	2.16834	
3.23807	-2.52679	2.16976	
3.21377	-2.53954	2.17289	
3.18863	-2.5519	2.17727	
3.16424	-2.5646	2.18086	
3.14118	-2.57773	2.18309	
3.11913	-2.58897	2.18629	
3.09579	-2.60087	2.19012	
3.07151	-2.61228	2.1953	
3.04663	-2.62589	2.19912	
3.02348	-2.6379	2.20307	
3.00385	-2.6483	2.20573	
2.98593	-2.65555	2.21012	
2.96918	-2.65958	2.21683	
2.95313	-2.66175	2.22502	
2.93681	-2.66355	2.23415	
2.92157	-2.66559	2.24248	
2.90819	-2.66944	2.24787	
2.89609	-2.67481	2.25097	
2.88489	-2.68134	2.25248	
2.87193	-2.68866	2.25497	
2.85748	-2.69639	2.25857	
2.84333	-2.70487	2.26145	
2.83232	-2.71433	2.26094	
2.82568	-2.72299	2.25788	
2.81921	-2.73106	2.25556	
2.81196	-2.73787	2.25545	
2.80414	-2.7446	2.25616	
2.7953	-2.7524	2.25689	
2.78562	-2.76176	2.257	
2.77614	-2.77286	2.25535	
2.76877	-2.78496	2.25122	
2.76263	-2.79759	2.2458	
2.75572	-2.8117	2.23973	
2.74757	-2.82678	2.23401	
2.73709	-2.84431	2.22782	
2.72377	-2.86271	2.22324	
2.70988	-2.88098	2.21944	
2.69387	-2.89861	2.21814	
2.67513	-2.91482	2.22073	
2.65347	-2.931	2.22577	
2.62843	-2.94775	2.2331	
2.60288	-2.96433	2.24119	
2.58015	-2.98108	2.24701	
2.55814	-2.99633	2.25416	
2.53577	-3.01244	2.26089	
2.51419	-3.02991	2.2657	
2.4933	-3.04854	2.26885	
2.47535	-3.06729	2.26972	
2.46119	-3.08386	2.27046	
2.44748	-3.09936	2.27237	
2.43573	-3.11479	2.27314	
2.42459	-3.12944	2.27469	
2.41574	-3.14288	2.27616	
2.41057	-3.15357	2.27825	
2.40864	-3.16164	2.2812	
2.40651	-3.16868	2.28566	
2.40491	-3.17537	2.29044	
2.40386	-3.18355	2.29327	
2.40361	-3.19179	2.29565	
2.40602	-3.20021	2.29596	
2.41093	-3.20705	2.2964	
2.41638	-3.21369	2.297	
2.42222	-3.22154	2.29618	
2.4275	-3.23168	2.29328	
2.43276	-3.24185	2.2909	
2.43693	-3.25186	2.28989	
2.44259	-3.26088	2.28944	
2.44922	-3.27053	2.28761	
2.45449	-3.28202	2.28452	
2.45551	-3.29639	2.28101	
2.45212	-3.31104	2.28038	
2.44443	-3.32476	2.28429	
2.43474	-3.33836	2.28994	
2.42681	-3.35185	2.29441	
2.41656	-3.36704	2.29824	
2.40393	-3.38307	2.30276	
2.3865	-3.39839	2.31156	
2.3686	-3.41209	2.32282	
2.35228	-3.42426	2.3348	
2.33761	-3.43513	2.34747	
2.3243	-3.44619	2.35923	
2.31124	-3.45706	2.37132	
2.29878	-3.46723	2.38427	
2.28936	-3.47601	2.39684	
2.2825	-3.48495	2.40727	
2.27738	-3.4944	2.41564	
2.27302	-3.50497	2.42197	
2.26845	-3.51564	2.42836	
2.26554	-3.52464	2.43613	
2.26782	-3.53137	2.44374	
2.27274	-3.53779	2.4499	
2.27998	-3.54469	2.45395	
2.28638	-3.55184	2.45825	
2.29258	-3.55822	2.46418	
2.30114	-3.56251	2.47206	
2.31144	-3.5655	2.48094	
2.32595	-3.5693	2.48587	
2.34119	-3.57495	2.48776	
2.35558	-3.5834	2.48624	
2.36795	-3.59299	2.48441	
2.37605	-3.60312	2.48472	
2.38321	-3.61363	2.48511	
2.39178	-3.62557	2.48217	
2.40175	-3.63929	2.47565	
2.41035	-3.65433	2.46813	
2.415	-3.66939	2.46306	
2.41562	-3.68405	2.46121	
2.41703	-3.69829	2.45939	
2.41992	-3.71397	2.45412	
2.42276	-3.73107	2.44646	
2.42273	-3.74758	2.44123	
2.41892	-3.76358	2.4389	
2.41175	-3.77904	2.43899	
2.40417	-3.79502	2.43814	
2.39939	-3.81131	2.43466	
2.39553	-3.82641	2.43215	
2.39023	-3.84048	2.43208	
2.38455	-3.85326	2.43389	
2.37899	-3.86512	2.43685	
2.37757	-3.87655	2.43757	
2.37985	-3.88709	2.43713	
2.3812	-3.89688	2.43833	
2.38049	-3.90588	2.44176	
2.37968	-3.91416	2.44615	
2.38005	-3.92279	2.44893	
2.3836	-3.93164	2.44907	
2.38723	-3.9407	2.44838	
2.38882	-3.94925	2.44952	
2.38995	-3.95604	2.45359	
2.39023	-3.96252	2.45854	
2.39337	-3.96928	2.46096	
2.40109	-3.97689	2.459	
2.40959	-3.98423	2.45685	
2.41751	-3.99087	2.45599	
2.42213	-3.99665	2.45823	
2.42815	-4.0028	2.45863	
2.43872	-4.00978	2.45462	
2.4498	-4.01708	2.44947	
2.45939	-4.02395	2.44564	
2.46638	-4.02989	2.44444	
2.47233	-4.03509	2.44481	
2.47983	-4.04018	2.44427	
2.49194	-4.04548	2.44054	
2.50625	-4.05042	2.43587	
2.5198	-4.05524	2.43156	
2.53031	-4.05996	2.4289	
2.53852	-4.06526	2.42621	
2.5464	-4.07156	2.42162	
2.55753	-4.07864	2.41345	
2.56749	-4.0848	2.4073	
2.57417	-4.08972	2.40487	
2.57686	-4.09394	2.40563	
2.57815	-4.09826	2.40677	
2.57989	-4.10351	2.40585	
2.58231	-4.10907	2.40387	
2.58351	-4.11376	2.40378	
2.57959	-4.11825	2.40659	
2.57332	-4.12253	2.41081	
2.56497	-4.12876	2.41256	
2.5591	-4.13582	2.41115	
2.55435	-4.14258	2.40933	
2.54766	-4.1485	2.40971	
2.5394	-4.15335	2.41259	
2.53193	-4.15755	2.41587	
2.52915	-4.16348	2.41311	
2.52829	-4.16933	2.40916	
2.52842	-4.17448	2.40565	
2.52645	-4.17868	2.4047	
2.52613	-4.18201	2.40405	
2.52981	-4.18651	2.39879	
2.53703	-4.1924	2.38892	
2.54515	-4.19912	2.37683	
2.55291	-4.20462	2.36682	
2.56049	-4.20884	2.35892	
2.56893	-4.21302	2.35041	
2.58323	-4.21746	2.33791	
2.60079	-4.22185	2.32349	
2.61762	-4.22572	2.31018	
2.63297	-4.22847	2.29947	
2.64553	-4.2313	2.28996	
2.65791	-4.23457	2.27958	
2.67221	-4.2384	2.26697	
2.68677	-4.24213	2.25419	
2.69914	-4.24551	2.24307	
2.70798	-4.24849	2.23443	
2.71384	-4.25126	2.22765	
2.71818	-4.25437	2.22096	
2.72252	-4.25852	2.2123	
2.72607	-4.26241	2.20433	
2.72751	-4.26641	2.19716	
2.72397	-4.26981	2.19365	
2.71767	-4.27351	2.19098	
2.7124	-4.27848	2.18536	
2.70952	-4.28413	2.17704	
2.7047	-4.28912	2.1708	
2.69772	-4.2934	2.16686	
2.68892	-4.29664	2.16559	
2.68239	-4.29938	2.16379	
2.68088	-4.30221	2.15889	
2.68174	-4.30468	2.15313	
2.68148	-4.30678	2.14854	
2.68025	-4.30902	2.14409	
2.68059	-4.31135	2.13849	
2.68394	-4.31345	2.13151	
2.69094	-4.31507	2.1232	
2.69816	-4.31697	2.11418	
2.70454	-4.3181	2.10683	
2.7108	-4.31819	2.10124	
2.71948	-4.31662	2.09707	
2.73229	-4.31413	2.0921	
2.74703	-4.3116	2.08602	
2.76006	-4.31013	2.07896	
2.77027	-4.30922	2.07241	
2.77945	-4.30802	2.06684	
2.78868	-4.3059	2.06276	
2.79988	-4.30393	2.05726	
2.81327	-4.30313	2.04841	
2.82603	-4.30319	2.03832	
2.83699	-4.30322	2.02924	
2.84436	-4.30266	2.02308	
2.85012	-4.30167	2.01852	
2.85658	-4.30156	2.01204	
2.86296	-4.30249	2.00377	
2.86765	-4.3038	1.99576	
2.86859	-4.30578	1.9886	
2.86709	-4.30859	1.98133	
2.86517	-4.31186	1.97344	
2.86299	-4.31493	1.96601	
2.86214	-4.31756	1.95863	
2.86144	-4.32031	1.95091	
2.8606	-4.32269	1.94386	
2.85914	-4.32597	1.93553	
2.856	-4.32832	1.92969	
2.85432	-4.32983	1.92452	
2.85533	-4.33083	1.91877	
2.85506	-4.33257	1.9124	
2.85385	-4.33559	1.90431	
2.84945	-4.3389	1.89743	
2.84496	-4.34138	1.89204	
2.84296	-4.34257	1.88748	
2.84382	-4.34271	1.88315	
2.84432	-4.34353	1.87779	
2.84327	-4.34464	1.87276	
2.84219	-4.34558	1.86795	
2.84141	-4.34566	1.86449	
2.84224	-4.3451	1.86128	
2.84498	-4.34431	1.85745	
2.84808	-4.34415	1.85233	
2.85077	-4.3452	1.84532	
2.85259	-4.34577	1.83963	
2.85466	-4.34669	1.83321	
2.85968	-4.34715	1.82597	
2.86819	-4.34685	1.81817	
2.87685	-4.34549	1.81213	
2.8851	-4.34434	1.80598	
2.89121	-4.34381	1.80001	
2.89606	-4.34391	1.7937	
2.90347	-4.3439	1.78624	
2.91197	-4.34282	1.78012	
2.92113	-4.34124	1.77456	
2.92996	-4.34046	1.76788	
2.93651	-4.34102	1.76016	
2.94221	-4.34217	1.75192	
2.94693	-4.34289	1.74503	
2.9542	-4.34276	1.73825	
2.96391	-4.34184	1.73157	
2.97115	-4.34068	1.72678	
2.97437	-4.34166	1.72058	
2.97292	-4.3437	1.71524	
2.96831	-4.34622	1.71086	
2.96297	-4.34901	1.70648	
2.95731	-4.35094	1.70389	
2.95053	-4.35296	1.70183	
2.9404	-4.35529	1.70117	
2.92702	-4.35905	1.69985	
2.91198	-4.36344	1.69842	
2.89942	-4.36729	1.69659	
2.88834	-4.3707	1.6948	
2.87681	-4.37344	1.69452	
2.86441	-4.37625	1.69469	
2.84996	-4.38011	1.69425	
2.83682	-4.38474	1.69179	
2.82657	-4.38947	1.6876	
2.81999	-4.3936	1.68248	
2.81396	-4.39668	1.679	
2.80887	-4.39866	1.67702	
2.80583	-4.4003	1.67455	
2.80385	-4.40299	1.66971	
2.80714	-4.40554	1.66222	
2.81321	-4.40689	1.65539	
2.82068	-4.40788	1.64852	
2.82927	-4.40869	1.6414	
2.83713	-4.40932	1.63512	
2.84484	-4.41013	1.62868	
2.85337	-4.41105	1.62169	
2.86548	-4.41198	1.61274	
2.88028	-4.41335	1.60159	
2.89533	-4.41552	1.58892	
2.90899	-4.41738	1.57767	
2.921	-4.41848	1.56879	
2.92867	-4.41963	1.56236	
2.93367	-4.42208	1.55512	
2.93766	-4.42591	1.54605	
2.93947	-4.43079	1.53638	
2.93827	-4.43544	1.52883	
2.93197	-4.43944	1.52538	
2.92115	-4.4431	1.52512	
2.90763	-4.44806	1.52407	
2.89461	-4.45417	1.5207	
2.88127	-4.46022	1.51764	
2.86669	-4.46618	1.5155	
2.84894	-4.47165	1.51602	
2.83003	-4.47686	1.51769	
2.81198	-4.48344	1.51639	
2.79638	-4.49094	1.5121	
2.78116	-4.49863	1.50722	
2.76552	-4.50584	1.50348	
2.7505	-4.51225	1.50086	
2.73835	-4.5183	1.49731	
2.73102	-4.52378	1.49214	
2.72911	-4.52883	1.4848	
2.72859	-4.53304	1.47824	
2.72822	-4.53722	1.47166	
2.72806	-4.54142	1.46494	
2.7282	-4.54564	1.45801	
2.732	-4.54856	1.45147	
2.73955	-4.54985	1.44586	
2.74869	-4.55118	1.43933	
2.75794	-4.55411	1.42978	
2.76714	-4.55756	1.41932	
2.77704	-4.56054	1.40937	
2.7861	-4.56219	1.40233	
2.7948	-4.56381	1.39553	
2.80572	-4.56555	1.38728	
2.81634	-4.56869	1.37658	
2.8243	-4.57312	1.36489	
2.82918	-4.57719	1.35554	
2.82908	-4.58086	1.34959	
2.8259	-4.58382	1.34658	
2.82032	-4.58737	1.34374	
2.81524	-4.59155	1.33937	
2.80836	-4.59714	1.33327	
2.79753	-4.60314	1.32845	
2.78315	-4.60958	1.32462	
2.76699	-4.61531	1.32297	
2.7497	-4.62148	1.32097	
2.73468	-4.62824	1.31656	
2.71842	-4.63608	1.31064	
2.70156	-4.64417	1.30443	
2.68423	-4.65198	1.29887	
2.66785	-4.65866	1.29481	
2.65382	-4.66442	1.2911	
2.64436	-4.6696	1.28594	
2.63686	-4.67565	1.27797	
2.62859	-4.68275	1.2683	
2.62024	-4.69025	1.25777	
2.61171	-4.69702	1.24857	
2.60466	-4.7025	1.24093	
2.60168	-4.70738	1.23215	
2.60175	-4.71263	1.22097	
2.60361	-4.71758	1.20926	
2.60605	-4.72259	1.19699	
2.6099	-4.72624	1.18637	
2.61316	-4.73017	1.17541	
2.61466	-4.73377	1.16586	
2.61843	-4.73729	1.15514	
2.62361	-4.74094	1.14331	
2.62873	-4.74505	1.13042	
2.63232	-4.75	1.11656	
2.63296	-4.75466	1.10454	
2.6311	-4.75852	1.09517	
2.62591	-4.76229	1.08743	
2.621	-4.76607	1.07927	
2.61706	-4.7701	1.06998	
2.61091	-4.77478	1.0603	
2.60214	-4.77942	1.05182	
2.59048	-4.78381	1.04503	
2.57612	-4.78789	1.03998	
2.56243	-4.79268	1.03292	
2.5497	-4.79828	1.02359	
2.53613	-4.80427	1.01364	
2.52216	-4.80951	1.00505	
2.50705	-4.81395	0.998297	
2.49141	-4.81818	0.991946	
2.47753	-4.82336	0.982721	
2.46643	-4.82964	0.969767	
2.45675	-4.83582	0.95603	
2.44751	-4.84149	0.94284	
2.43811	-4.84605	0.93161	
2.42923	-4.85059	0.919885	
2.42169	-4.85426	0.908949	
2.41822	-4.85703	0.897431	
2.41775	-4.8593	0.885223	
2.41758	-4.86208	0.871616	
2.41747	-4.86454	0.858349	
2.41613	-4.86703	0.84535	
2.41388	-4.8686	0.834387	
2.41076	-4.87013	0.823676	
2.40838	-4.87216	0.811342	
2.40856	-4.87457	0.796601	
2.40834	-4.87715	0.781402	
2.40668	-4.87917	0.767604	
2.40212	-4.8807	0.755864	
2.39417	-4.88252	0.744815	
2.38336	-4.88547	0.732481	
2.37253	-4.88849	0.719776	
2.36202	-4.89184	0.706017	
2.35086	-4.89447	0.693679	
2.33866	-4.89615	0.683481	
2.32407	-4.89707	0.675397	
2.31001	-4.89799	0.666701	
2.29568	-4.89948	0.656443	
2.28424	-4.90037	0.645775	
2.27409	-4.90124	0.634395	
2.2628	-4.90206	0.623502	
2.25056	-4.90282	0.612813	
2.23791	-4.90319	0.602745	
2.22379	-4.9041	0.59176	
2.21202	-4.90481	0.580037	
2.20398	-4.90565	0.565873	
2.20035	-4.9059	0.550276	
2.19748	-4.90538	0.535254	
2.19418	-4.90376	0.522368	
2.19083	-4.902	0.509731	
2.18455	-4.90094	0.496819	
2.17987	-4.90018	0.482167	
2.17889	-4.89869	0.467144	
2.1807	-4.8959	0.452994	
2.18321	-4.89194	0.440875	
2.18298	-4.88782	0.429951	
2.18128	-4.88449	0.417422	
2.17694	-4.88177	0.404279	
2.1684	-4.87952	0.391393	
2.15841	-4.87687	0.379779	
2.14901	-4.87372	0.368901	
2.13872	-4.87048	0.358477	
2.12661	-4.86764	0.347543	
2.10975	-4.86586	0.336077	
2.08948	-4.86465	0.324215	
2.06619	-4.86296	0.314039	
2.04452	-4.85979	0.305464	
2.02746	-4.85547	0.296996	
2.01003	-4.85081	0.289004	
1.99207	-4.84669	0.279925	
1.97162	-4.84297	0.270735	
1.95028	-4.83925	0.261418	
1.93014	-4.83572	0.250894	
1.91443	-4.8326	0.237836	
1.90202	-4.82857	0.225017	
1.89033	-4.82395	0.212959	
1.87824	-4.81929	0.200212	
1.86672	-4.81535	0.184432	
1.85524	-4.81172	0.167467	
1.84438	-4.80757	0.150637	
1.83713	-4.80231	0.135132	
1.8361	-4.79518	0.120764	
1.83781	-4.78713	0.107261	
1.84007	-4.77977	0.0918598	
1.84144	-4.77314	0.0742744	
1.8428	-4.76681	0.0559426	
1.84265	-4.75981	0.0390126	
1.84223	-4.75152	0.0241775	
1.84441	-4.74191	0.0104802	
1.84846	-4.73218	-0.00403209	
1.85425	-4.72313	-0.0210821	
1.85845	-4.71531	-0.0396812	
1.85927	-4.70824	-0.0587236	
1.85817	-4.70091	-0.0767779	
1.8527	-4.69281	-0.0916918	
1.84232	-4.68376	-0.102551	
1.8282	-4.67447	-0.111457	
1.81007	-4.66574	-0.120009	
1.79184	-4.6571	-0.128963	
1.77261	-4.64813	-0.137861	
1.75039	-4.6386	-0.14537	
1.72649	-4.62789	-0.150359	
1.69984	-4.6168	-0.153913	
1.66963	-4.60611	-0.156493	
1.63984	-4.59655	-0.161373	
1.61187	-4.58781	-0.168666	
1.5865	-4.57826	-0.17569	
1.56187	-4.56833	-0.182745	
1.53856	-4.55739	-0.188425	
1.51577	-4.54559	-0.19283	
1.49372	-4.5333	-0.196433	
1.47557	-4.52182	-0.203121	
1.46242	-4.51046	-0.21268	
1.45387	-4.49809	-0.222892	
1.44662	-4.48441	-0.231463	
1.44058	-4.47031	-0.24018	
1.43446	-4.45614	-0.248386	
1.42789	-4.44187	-0.256125	
1.42149	-4.42733	-0.263988	
1.41709	-4.41266	-0.27328	
1.41837	-4.39803	-0.284819	
1.42405	-4.3836	-0.298358	
1.43339	-4.36845	-0.311837	
1.44398	-4.35243	-0.324285	
1.45527	-4.33534	-0.334877	
1.46559	-4.31737	-0.343652	
1.4748	-4.29992	-0.352913	
1.48359	-4.28358	-0.363507	
1.49006	-4.26775	-0.374204	
1.49369	-4.25229	-0.384383	
1.49609	-4.23674	-0.392559	
1.49765	-4.22159	-0.399903	
1.49937	-4.20681	-0.406274	
1.49867	-4.19316	-0.412907	
1.49374	-4.17986	-0.418126	
1.48498	-4.16648	-0.421598	
1.47088	-4.15297	-0.424095	
1.45181	-4.13935	-0.425733	
1.42818	-4.12532	-0.426568	
1.40047	-4.11097	-0.426946	
1.37085	-4.09709	-0.428645	
1.34082	-4.08404	-0.433148	
1.3103	-4.07192	-0.43996	
1.27721	-4.06074	-0.448393	
1.24272	-4.04996	-0.458017	
1.20868	-4.03979	-0.469821	
1.17436	-4.0296	-0.482325	
1.14176	-4.01985	-0.495945	
1.11416	-4.00974	-0.510378	
1.09164	-3.99998	-0.527788	
1.0714	-3.99079	-0.546619	
1.05309	-3.98163	-0.566141	
1.03628	-3.97196	-0.58557	
1.02112	-3.96143	-0.60507	
1.0067	-3.94976	-0.622991	
0.993585	-3.93693	-0.639138	
0.984499	-3.92317	-0.65555	
0.981209	-3.90949	-0.674568	
0.982758	-3.89558	-0.69478	
0.987152	-3.88141	-0.71446	
0.992763	-3.86651	-0.73216	
0.998146	-3.85046	-0.746582	
1.00311	-3.83359	-0.757556	
1.0082	-3.81648	-0.766847	
1.01365	-3.79892	-0.774751	
1.01936	-3.78097	-0.782163	
1.02528	-3.76297	-0.788441	
1.03037	-3.74489	-0.793455	
1.03667	-3.72679	-0.797216	
1.04342	-3.70887	-0.799234	
1.05221	-3.69096	-0.800487	
1.06385	-3.67294	-0.801609	
1.07827	-3.65514	-0.803921	
1.09295	-3.63809	-0.808869	
1.10678	-3.62187	-0.814452	
1.11909	-3.60542	-0.819238	
1.12871	-3.58987	-0.823155	
1.13407	-3.57425	-0.824947	
1.1349	-3.55861	-0.823671	
1.13089	-3.5431	-0.820285	
1.12167	-3.528	-0.817192	
1.10736	-3.51326	-0.814659	
1.0889	-3.49878	-0.812692	
1.066	-3.48385	-0.810853	
1.03904	-3.46849	-0.808097	
1.01103	-3.45327	-0.806691	
0.984504	-3.43905	-0.808159	
0.959162	-3.42477	-0.809366	
0.93434	-3.41016	-0.811505	
0.909154	-3.39636	-0.815535	
0.884212	-3.38322	-0.822621	
0.859845	-3.37128	-0.833896	
0.835035	-3.35913	-0.845352	
0.811779	-3.34582	-0.857352	
0.790019	-3.33225	-0.869877	
0.772187	-3.31898	-0.883391	
0.760382	-3.30563	-0.897937	
0.751712	-3.2932	-0.912846	
0.747381	-3.28048	-0.928086	
0.744431	-3.26905	-0.94476	
0.740723	-3.25808	-0.961492	
0.737164	-3.24744	-0.978838	
0.732953	-3.2368	-0.995079	
0.729848	-3.22514	-1.00969	
0.726383	-3.21367	-1.0232	
0.723185	-3.20221	-1.03548	
0.719309	-3.19083	-1.04708	
0.715364	-3.17931	-1.0572	
0.710914	-3.16747	-1.06528	
0.708484	-3.15498	-1.07245	
0.707671	-3.1427	-1.07991	
0.709553	-3.13077	-1.08711	
0.714609	-3.11879	-1.09314	
0.721241	-3.10727	-1.09813	
0.730189	-3.09561	-1.10306	
0.740484	-3.08366	-1.10684	
0.749418	-3.07259	-1.11116	
0.75895	-3.06117	-1.11509	
0.76767	-3.0493	-1.11839	
0.775066	-3.03817	-1.12295	
0.780197	-3.02701	-1.1274	
0.781542	-3.01611	-1.13064	
0.778984	-3.0048	-1.13188	
0.772645	-2.99389	-1.13202	
0.762087	-2.9829	-1.13156	
0.749059	-2.97164	-1.12969	
0.731155	-2.96049	-1.12671	
0.710245	-2.94852	-1.12228	
0.687399	-2.93635	-1.11685	
0.6608	-2.92482	-1.11213	
0.632136	-2.91319	-1.10703	
0.603837	-2.90171	-1.1033	
0.577639	-2.89043	-1.10056	
0.555369	-2.87932	-1.0983	
0.537152	-2.86882	-1.09822	
0.522447	-2.85889	-1.10123	
0.509823	-2.84978	-1.10624	
0.498459	-2.84084	-1.11248	
0.486745	-2.83162	-1.11829	
0.475569	-2.82248	-1.12424	
0.465871	-2.81269	-1.12972	
0.45732	-2.80227	-1.13344	
0.450006	-2.79146	-1.13775	
0.44408	-2.78049	-1.14152	
0.438963	-2.76875	-1.14498	
0.434488	-2.75661	-1.14938	
0.431012	-2.74427	-1.15323	
0.427968	-2.73143	-1.15691	
0.426546	-2.71828	-1.16137	
0.425031	-2.70564	-1.16583	
0.425379	-2.69299	-1.17172	
0.42897	-2.68109	-1.17949	
0.435293	-2.67007	-1.18832	
0.444928	-2.65961	-1.19747	
0.457878	-2.64965	-1.20681	
0.471057	-2.64053	-1.21478	
0.485284	-2.63212	-1.22252	
0.499175	-2.62487	-1.22955	
0.512564	-2.61851	-1.23687	
0.525116	-2.61277	-1.24309	
0.536134	-2.60716	-1.24738	
0.546795	-2.60194	-1.25152	
0.556499	-2.5968	-1.25357	
0.564608	-2.59241	-1.25611	
0.571498	-2.5884	-1.25841	
0.577278	-2.58421	-1.25999	
0.580625	-2.58112	-1.26223	
0.582911	-2.5773	-1.26359	
0.582295	-2.57376	-1.26497	
0.580033	-2.56999	-1.26707	
0.574757	-2.5662	-1.26912	
0.56612	-2.56258	-1.27119	
0.556158	-2.5583	-1.27269	
0.542878	-2.55404	-1.27423	
0.527706	-2.54892	-1.27564	
0.510031	-2.54393	-1.2768	
0.490299	-2.53818	-1.27771	
0.46934	-2.53236	-1.27922	
0.447553	-2.52611	-1.28044	
0.42478	-2.51955	-1.28162	
0.403528	-2.51307	-1.28346	
0.382089	-2.50583	-1.28433	
0.361056	-2.49843	-1.28554	
0.339821	-2.4906	-1.28626	
0.31992	-2.48297	-1.28755	
0.302779	-2.47557	-1.28998	
0.289842	-2.46824	-1.29331	
0.280213	-2.46107	-1.29656	
0.274404	-2.45389	-1.30017	
0.272153	-2.4471	-1.30302	
0.273158	-2.44074	-1.30657	
0.276486	-2.43428	-1.31024	
0.282381	-2.42785	-1.3132	
0.290019	-2.42185	-1.3163	
0.298838	-2.41576	-1.31877	
0.308736	-2.4097	-1.32107	
0.317994	-2.40426	-1.32393	
0.327327	-2.39844	-1.32634	
0.335739	-2.39335	-1.32905	
0.344145	-2.38794	-1.33131	
0.351771	-2.38305	-1.33397	
0.358747	-2.37824	-1.33565	
0.365077	-2.3732	-1.33682	
0.371333	-2.36813	-1.338	
0.376701	-2.364	-1.33877	
0.382492	-2.35964	-1.34032	
0.387788	-2.35572	-1.34159	
0.393236	-2.35168	-1.34338	
0.397415	-2.34796	-1.34424	
0.402016	-2.34381	-1.34474	
0.405497	-2.34026	-1.34539	
0.408695	-2.33661	-1.34587	
0.410964	-2.33319	-1.34607	
0.412165	-2.32972	-1.34589	
0.412788	-2.32583	-1.34566	
0.411973	-2.322	-1.34542	
0.410418	-2.31783	-1.34501	
0.407124	-2.31389	-1.34467	
0.402643	-2.30895	-1.34314	
0.39769	-2.30424	-1.34221	
0.390849	-2.29965	-1.34141	
0.382612	-2.29455	-1.33998	
0.374688	-2.28957	-1.33937	
0.365507	-2.28405	-1.33862	
0.356298	-2.27843	-1.33764	
0.34669	-2.27277	-1.33816	
0.336903	-2.26661	-1.33818	
0.327942	-2.26025	-1.33891	
0.319124	-2.2535	-1.33919	
0.311001	-2.24601	-1.3395	
0.304368	-2.23865	-1.34053	
0.297563	-2.23086	-1.34087	
0.291036	-2.2234	-1.34252	
0.283921	-2.21575	-1.34352	
0.277005	-2.2085	-1.34541	
0.269327	-2.20151	-1.34646	
0.260785	-2.19527	-1.34765	
0.251528	-2.18954	-1.34868	
0.241606	-2.18493	-1.35009	
0.230555	-2.18073	-1.35086	
0.218811	-2.17755	-1.35117	
0.206501	-2.17462	-1.35075	
0.194456	-2.1729	-1.35074	
0.183163	-2.17162	-1.35107	
0.172978	-2.17098	-1.35111	
0.165825	-2.17069	-1.35144	
0.160982	-2.1707	-1.35151	
0.159842	-2.17101	-1.35191	
0.161529	-2.17151	-1.35303	
0.164654	-2.17207	-1.35419	
0.167768	-2.17255	-1.35506	
0.170834	-2.17269	-1.3561	
0.172991	-2.17301	-1.35748	
0.174513	-2.17303	-1.35874	
0.175895	-2.17302	-1.36028	
0.177931	-2.17261	-1.36121	
0.180609	-2.17195	-1.36242	
0.183244	-2.17126	-1.36361	
0.185769	-2.17041	-1.36506	
0.188677	-2.16925	-1.36634	
0.191706	-2.16804	-1.36805	
0.19475	-2.16626	-1.36921	
0.197979	-2.16437	-1.37077	
0.200671	-2.16236	-1.37202	
0.20346	-2.16002	-1.37323	
0.206336	-2.15755	-1.37446	
0.209085	-2.15498	-1.37595	
0.211967	-2.15238	-1.37693	
0.214873	-2.14992	-1.37842	
0.217667	-2.14701	-1.37984	
0.220491	-2.14443	-1.38134	
0.223386	-2.14146	-1.38283	
0.225876	-2.13876	-1.38462	
0.227878	-2.13605	-1.38599	
0.230059	-2.13328	-1.38763	
0.232368	-2.13048	-1.38909	
0.234146	-2.12821	-1.39038	
0.236204	-2.1255	-1.39165	
0.237859	-2.12329	-1.39258	
0.239467	-2.12135	-1.39342	
0.241018	-2.11927	-1.39428	
0.242375	-2.11742	-1.39491	
0.243626	-2.11571	-1.39549	
0.244704	-2.11429	-1.39617	
0.245348	-2.11309	-1.39655	
0.24631	-2.11177	-1.39699	
0.247103	-2.11074	-1.39752	
0.247875	-2.10968	-1.39788	
0.248548	-2.10875	-1.3982	
0.249268	-2.10791	-1.39829	
0.24996	-2.10701	-1.39876	
0.250538	-2.10622	-1.39903	
0.251022	-2.10556	-1.39925	
0.251694	-2.10464	-1.39957	
0.252278	-2.10383	-1.39984	
0.25295	-2.10291	-1.40015	
0.253622	-2.10199	-1.40047	
0.254459	-2.10112	-1.40097	
0.255323	-2.09988	-1.40117	
0.256001	-2.09895	-1.40148	
0.256468	-2.09802	-1.40177	
0.257446	-2.09697	-1.40216	
0.257937	-2.0961	-1.40282	
0.258782	-2.09519	-1.40311	
0.259755	-2.0941	-1.40329	
0.260327	-2.09307	-1.40383	
0.26119	-2.09184	-1.40403	
0.261976	-2.09081	-1.40456	
0.262753	-2.08979	-1.40513	
0.263619	-2.0886	-1.40554	
0.264404	-2.08757	-1.40605	
0.265285	-2.08641	-1.40663	
0.266252	-2.08508	-1.40708	
0.267244	-2.0839	-1.40747	
0.268204	-2.08258	-1.40792	
0.269186	-2.08128	-1.40854	
0.269826	-2.08003	-1.40871	
0.271016	-2.07872	-1.40919	
0.271659	-2.07751	-1.40957	
0.272848	-2.07619	-1.41005	
0.273714	-2.075	-1.41045	
0.274267	-2.07397	-1.41099	
0.275261	-2.07292	-1.41138	
0.275617	-2.07211	-1.41163	
0.276388	-2.07105	-1.41199	
0.277122	-2.07026	-1.41224	
0.277696	-2.06942	-1.4123	
0.278377	-2.06853	-1.41283	
0.279049	-2.06761	-1.41314	
0.279632	-2.0668	-1.41342	
0.280303	-2.06588	-1.41373	
0.280787	-2.06521	-1.41396	
0.281377	-2.06444	-1.41438	
0.281937	-2.06358	-1.41448	
0.282213	-2.06297	-1.41485	
0.283015	-2.06219	-1.41515	
0.283592	-2.06139	-1.41542	
0.284169	-2.06059	-1.41569	
0.284808	-2.05994	-1.4159	
0.285161	-2.05913	-1.41614	
0.285869	-2.05848	-1.4164	
0.286352	-2.05781	-1.41662	
0.286604	-2.05714	-1.41682	
0.287311	-2.05648	-1.41707	
0.287476	-2.05593	-1.41723	
0.287877	-2.05537	-1.41749	
0.28856	-2.05455	-1.41749	
0.288967	-2.05408	-1.41785	
0.289591	-2.05353	-1.41813	
0.289915	-2.05268	-1.41813	
0.290315	-2.05222	-1.41848	
0.291006	-2.05149	-1.41856	
0.29117	-2.05094	-1.41872	
0.291563	-2.05049	-1.41907	
0.291935	-2.04989	-1.41908	
0.292223	-2.04949	-1.41921	
0.292629	-2.04902	-1.41957	
0.292895	-2.04856	-1.41953	
0.293301	-2.04809	-1.41989	
0.293578	-2.04762	-1.41985	
0.293878	-2.04729	-1.42016	
0.294409	-2.04677	-1.42032	
0.294697	-2.04637	-1.42046	
0.294885	-2.04611	-1.42055	
0.295274	-2.04557	-1.42073	
0.295462	-2.04531	-1.42082	
0.295757	-2.0449	-1.42096	
0.296045	-2.0445	-1.42109	
0.296239	-2.04424	-1.42118	
0.296622	-2.04371	-1.42136	
0.296894	-2.04324	-1.42133	
0.297199	-2.04291	-1.42164	
0.297491	-2.04247	-1.42178	
0.297697	-2.04227	-1.42204	
0.297909	-2.04197	-1.42221	
0.29818	-2.04161	-1.42226	
0.298386	-2.04131	-1.42243	
0.298663	-2.04094	-1.42249	
0.299124	-2.04055	-1.4226	
0.299229	-2.0404	-1.42272	
0.299683	-2.03968	-1.4227	
0.299666	-2.03948	-1.42294	
0.300183	-2.03909	-1.4231	
0.300472	-2.03869	-1.42324	
0.30076	-2.03829	-1.42337	
0.301048	-2.03789	-1.42351	
0.301114	-2.03748	-1.42362	
0.301625	-2.03709	-1.42378	
0.30192	-2.03668	-1.42392	
0.30198	-2.03628	-1.42403	
0.302591	-2.03575	-1.42424	
0.302974	-2.03522	-1.42442	
0.30304	-2.03481	-1.42453	
0.303342	-2.03444	-1.42483	
0.303731	-2.03391	-1.42501	
0.304236	-2.03353	-1.42517	
0.304308	-2.03311	-1.42529	
0.304596	-2.03271	-1.42542	
0.304791	-2.03244	-1.42551	
0.305079	-2.03204	-1.42565	
0.305407	-2.03179	-1.42572	
0.305701	-2.03138	-1.42586	
0.30589	-2.03112	-1.42595	
0.306407	-2.03072	-1.42611	
0.306373	-2.03045	-1.42618	
0.306484	-2.03028	-1.4263	
0.306984	-2.02992	-1.42639	
0.306855	-2.02978	-1.4264	
0.30705	-2.02951	-1.4265	
0.307157	-2.02941	-1.4267	
0.307352	-2.02914	-1.42679	
0.307539	-2.02888	-1.42688	
0.307639	-2.02874	-1.42692	
0.307827	-2.02848	-1.42701	
0.308022	-2.02821	-1.4271	
0.30831	-2.02781	-1.42724	
0.308504	-2.02754	-1.42733	
0.308793	-2.02714	-1.42747	
0.308987	-2.02687	-1.42756	
0.309276	-2.02647	-1.4277	
0.309387	-2.02631	-1.42782	
0.309758	-2.02581	-1.42792	
0.310095	-2.02555	-1.428	
0.3102	-2.02539	-1.42812	
0.310577	-2.02488	-1.42823	
0.310765	-2.02462	-1.42831	
0.310953	-2.02436	-1.4284	
0.311264	-2.02398	-1.42873	
0.311229	-2.02371	-1.42879	
0.311524	-2.0233	-1.42893	
0.311812	-2.0229	-1.42906	
0.311918	-2.02274	-1.42919	
0.312194	-2.02237	-1.42925	
0.312306	-2.0222	-1.42937	
0.312494	-2.02194	-1.42946	
0.312695	-2.02167	-1.42955	
0.312883	-2.0214	-1.42964	
0.313071	-2.02114	-1.42973	
0.313254	-2.0209	-1.42975	
0.313448	-2.02063	-1.42984	
0.313553	-2.02047	-1.42996	
0.313654	-2.02033	-1.43001	
0.313842	-2.02007	-1.4301	
0.314036	-2.0198	-1.43019	
0.314137	-2.01966	-1.43024	
0.314325	-2.0194	-1.43032	
0.314418	-2.01927	-1.43037	
0.314519	-2.01913	-1.43042	
0.314619	-2.019	-1.43046	
0.314713	-2.01886	-1.43051	
0.314807	-2.01873	-1.43055	
0.315073	-2.01862	-1.43057	
0.315174	-2.01848	-1.43062	
0.315368	-2.01821	-1.43071	
0.315462	-2.01808	-1.43076	
0.315656	-2.01781	-1.43085	
0.315845	-2.01755	-1.43094	
0.316038	-2.01728	-1.43103	
0.316139	-2.01714	-1.43108	
0.316327	-2.01688	-1.43117	
0.316504	-2.01664	-1.43118	
0.316622	-2.01647	-1.43131	
0.316798	-2.01623	-1.43132	
0.31681	-2.01621	-1.4314	
0.316986	-2.01597	-1.43141	
0.316998	-2.01595	-1.43148	
0.317104	-2.0158	-1.43153	
0.317198	-2.01567	-1.43158	
0.317374	-2.01543	-1.43159	
0.31748	-2.01528	-1.43171	
0.317663	-2.01503	-1.43173	
0.317675	-2.01501	-1.4318	
0.317775	-2.01487	-1.43185	
0.317869	-2.01474	-1.4319	
0.317963	-2.01461	-1.43194	
0.318157	-2.01434	-1.43203	
0.318251	-2.01421	-1.43208	
0.318445	-2.01394	-1.43217	
0.318323	-2.01378	-1.43219	
0.318511	-2.01352	-1.43228	
0.318922	-2.01327	-1.43239	
0.318806	-2.01311	-1.43242	
0.319088	-2.01272	-1.43255	
0.319281	-2.01245	-1.43264	
0.319382	-2.01231	-1.43269	
0.31957	-2.01205	-1.43278	
0.319664	-2.01192	-1.43283	
0.319651	-2.01164	-1.43289	
0.320107	-2.01156	-1.4331	
0.320001	-2.01141	-1.43312	
0.320195	-2.01114	-1.43321	
0.320289	-2.01101	-1.43326	
0.320477	-2.01075	-1.43334	
0.320678	-2.01047	-1.43344	
0.320771	-2.01034	-1.43348	
0.320866	-2.01021	-1.43353	
0.320959	-2.01008	-1.43357	
0.320837	-2.00992	-1.43359	
0.321254	-2.00967	-1.43371	
0.321125	-2.00952	-1.43373	
0.32122	-2.00939	-1.43378	
0.321413	-2.00912	-1.43387	
0.321514	-2.00898	-1.43392	
0.321702	-2.00872	-1.434	
0.321802	-2.00858	-1.43405	
0.321674	-2.00844	-1.43407	
0.322166	-2.00809	-1.43415	
0.321962	-2.00804	-1.43421	
0.322078	-2.00796	-1.43441	
0.322062	-2.0079	-1.43425	
0.322172	-2.00783	-1.43445	
0.32225	-2.00764	-1.43434	
0.322043	-2.00769	-1.43447	
0.322152	-2.00759	-1.43469	
0.322245	-2.00746	-1.43473	
0.322245	-2.00746	-1.43473	
0.322446	-2.00718	-1.43483	
0.32254	-2.00705	-1.43487	
0.322634	-2.00692	-1.43491	
0.322728	-2.00679	-1.43496	
0.322621	-2.00663	-1.43498	
0.322715	-2.0065	-1.43503	
0.322815	-2.00636	-1.43507	
0.32291	-2.00623	-1.43512	
0.323003	-2.0061	-1.43516	
0.323104	-2.00596	-1.43521	
0.323198	-2.00583	-1.43526	
0.323198	-2.00583	-1.43526	
0.323209	-2.0057	-1.43526	
0.323626	-2.00544	-1.43537	
0.323504	-2.00529	-1.4354	
0.323504	-2.00529	-1.4354	
0.32368	-2.00506	-1.43541	
0.323759	-2.00486	-1.4353	
0.323563	-2.00488	-1.4355	
0.323968	-2.00465	-1.43554	
0.323763	-2.00461	-1.4356	
0.323986	-2.00462	-1.43562	
0.323936	-2.00428	-1.43553	
0.323951	-2.00434	-1.43569	
0.324046	-2.00421	-1.43573	
0.324139	-2.00408	-1.43578	
0.324017	-2.00393	-1.4358	
0.32434	-2.0038	-1.43587	
0.324212	-2.00366	-1.43589	
0.324399	-2.0034	-1.43598	
0.3245	-2.00326	-1.43603	
0.324387	-2.00311	-1.43605	
0.324788	-2.00286	-1.43616	
0.324675	-2.00271	-1.43618	
0.324775	-2.00257	-1.43623	
0.324963	-2.00231	-1.43632	
0.325063	-2.00217	-1.43637	
0.325157	-2.00204	-1.43641	
0.325241	-2.00184	-1.4363	
0.325205	-2.00163	-1.43652	
0.325284	-2.00143	-1.43641	
0.3255	-2.00122	-1.43666	
0.325687	-2.00096	-1.43675	
0.325766	-2.00076	-1.43664	
0.325677	-2.00067	-1.43682	
0.32606	-2.00035	-1.43678	
0.325965	-2.00027	-1.43695	
0.325965	-2.00027	-1.43695	
0.326153	-2.00001	-1.43704	
0.325931	-2	-1.43702	
0.326253	-1.99987	-1.43709	
0.326031	-1.99986	-1.43707	
0.326298	-1.99977	-1.43726	
0.326398	-1.99963	-1.4373	
0.326159	-1.99958	-1.43711	
0.326159	-1.99958	-1.43711	
0.326267	-1.99949	-1.43732	
0.32603	-1.99944	-1.43713	
0.326138	-1.99934	-1.43734	
0.326138	-1.99934	-1.43734	
0.326034	-1.99919	-1.43736	
0.326112	-1.999	-1.43725	
0.326222	-1.99893	-1.43745	
0.326316	-1.9988	-1.4375	
0.3264	-1.9986	-1.43739	
0.326176	-1.99864	-1.43752	
0.326501	-1.99846	-1.43744	
0.32637	-1.99837	-1.43761	
0.32637	-1.99837	-1.43761	
0.326464	-1.99824	-1.43765	
0.326464	-1.99824	-1.43765	
0.326558	-1.99811	-1.4377	
0.326558	-1.99811	-1.4377	
0.326658	-1.99797	-1.43775	
0.326565	-1.99785	-1.43792	
0.326565	-1.99785	-1.43792	
0.326659	-1.99772	-1.43797	
0.326659	-1.99772	-1.43797	
0.326659	-1.99772	-1.43797	
0.326753	-1.99759	-1.43801	
0.326624	-1.99744	-1.43803	
0.326624	-1.99744	-1.43803	
0.326818	-1.99717	-1.43812	
0.326818	-1.99717	-1.43812	
0.326912	-1.99704	-1.43817	
0.326808	-1.99689	-1.43819	
0.326808	-1.99689	-1.43819	
0.326902	-1.99676	-1.43824	
0.326902	-1.99676	-1.43824	
0.327002	-1.99662	-1.43829	
0.327096	-1.99649	-1.43833	
0.326856	-1.99647	-1.4383	
0.32719	-1.99636	-1.43837	
0.326949	-1.99634	-1.43835	
0.327044	-1.99621	-1.43839	
0.327044	-1.99621	-1.43839	
0.327144	-1.99607	-1.43844	
0.327244	-1.99593	-1.43849	
0.327244	-1.99593	-1.43849	
0.327338	-1.9958	-1.43853	
0.327432	-1.99567	-1.43858	
0.327432	-1.99567	-1.43858	
0.327526	-1.99554	-1.43862	
0.32762	-1.99541	-1.43866	
0.327726	-1.99526	-1.43871	
0.32796	-1.99514	-1.43874	
0.32796	-1.99514	-1.43874	
0.328054	-1.99501	-1.43879	
0.328148	-1.99488	-1.43883	
0.328242	-1.99475	-1.43887	
0.328242	-1.99475	-1.43887	
0.328442	-1.99447	-1.43897	
0.328536	-1.99434	-1.43901	
0.328644	-1.99424	-1.43923	
0.328739	-1.99411	-1.43927	
0.328839	-1.99397	-1.43932	
0.328932	-1.99384	-1.43936	
0.329027	-1.99371	-1.43941	
0.329127	-1.99357	-1.43945	
0.32922	-1.99344	-1.4395	
0.329321	-1.9933	-1.43955	
0.329321	-1.9933	-1.43955	
0.329415	-1.99317	-1.43959	
0.329415	-1.99317	-1.43959	
0.329509	-1.99304	-1.43964	
0.329603	-1.99291	-1.43968	
0.329703	-1.99277	-1.43973	
0.329496	-1.99275	-1.4397	
0.329596	-1.99261	-1.43975	
0.329596	-1.99261	-1.43975	
0.32969	-1.99248	-1.4398	
0.329785	-1.99235	-1.43984	
0.329878	-1.99222	-1.43989	
0.329878	-1.99222	-1.43989	
0.330072	-1.99195	-1.43998	
0.330072	-1.99195	-1.43998	
0.330173	-1.99181	-1.44003	
0.330266	-1.99168	-1.44007	
0.330266	-1.99168	-1.44007	
0.330137	-1.99154	-1.44009	
0.330137	-1.99154	-1.44009	
0.330232	-1.9914	-1.44013	
0.330232	-1.9914	-1.44013	
0.330332	-1.99126	-1.44018	
0.330332	-1.99126	-1.44018	
0.330526	-1.99099	-1.44027	
0.330526	-1.99099	-1.44027	
0.33062	-1.99086	-1.44032	
0.33062	-1.99086	-1.44032	
0.330491	-1.99072	-1.44034	
0.330591	-1.99058	-1.44038	
0.330591	-1.99058	-1.44038	
0.330591	-1.99058	-1.44038	
0.330686	-1.99045	-1.44043	
0.330779	-1.99032	-1.44047	
0.330557	-1.9903	-1.44045	
0.330874	-1.99019	-1.44052	
0.330651	-1.99017	-1.44049	
0.330751	-1.99003	-1.44054	
0.330908	-1.99004	-1.44052	
0.330852	-1.98989	-1.44059	
0.330945	-1.98976	-1.44063	
0.330894	-1.98976	-1.44059	
0.330989	-1.98963	-1.44063	
0.330989	-1.98963	-1.44063	
0.330748	-1.98962	-1.4406	
0.330842	-1.98949	-1.44065	
0.330842	-1.98949	-1.44065	
0.330942	-1.98935	-1.4407	
0.331042	-1.98921	-1.44074	
0.330838	-1.98919	-1.44072	
0.331026	-1.98893	-1.44081	
0.331026	-1.98893	-1.44081	
0.330895	-1.98879	-1.44083	
0.330996	-1.98865	-1.44088	
0.330996	-1.98865	-1.44088	
0.330902	-1.98857	-1.44107	
0.330902	-1.98857	-1.44107	
0.330761	-1.98842	-1.44109	
0.331096	-1.9883	-1.44116	
0.330856	-1.98829	-1.44113	
0.330745	-1.98814	-1.44115	
0.33105	-1.98802	-1.44122	
0.330845	-1.988	-1.4412	
0.330715	-1.98786	-1.44122	
0.330715	-1.98786	-1.44122	
0.330808	-1.98773	-1.44126	
0.330586	-1.98771	-1.44124	
0.330686	-1.98757	-1.44128	
0.330463	-1.98756	-1.44126	
0.330558	-1.98743	-1.4413	
0.330351	-1.98741	-1.44128	
0.330451	-1.98728	-1.44133	
0.330451	-1.98728	-1.44133	
0.330322	-1.98713	-1.44135	
0.330322	-1.98713	-1.44135	
0.330322	-1.98713	-1.44135	
0.330194	-1.98698	-1.44136	
0.330288	-1.98685	-1.44141	
0.330288	-1.98685	-1.44141	
0.330381	-1.98672	-1.44145	
0.330159	-1.98671	-1.44143	
0.330058	-1.98658	-1.44163	
0.33028	-1.9866	-1.44165	
0.330058	-1.98658	-1.44163	
0.32993	-1.98644	-1.44164	
0.32993	-1.98644	-1.44164	
0.329723	-1.98642	-1.44162	
0.329817	-1.98629	-1.44167	
0.32991	-1.98616	-1.44171	
0.329688	-1.98615	-1.44168	
0.329782	-1.98602	-1.44173	
0.32956	-1.986	-1.4417	
0.329982	-1.98574	-1.44182	
0.32976	-1.98572	-1.4418	
0.329853	-1.98559	-1.44184	
0.329853	-1.98559	-1.44184	
0.329629	-1.98558	-1.44182	
0.329723	-1.98545	-1.44186	
0.329817	-1.98532	-1.44191	
0.329612	-1.9853	-1.44188	
0.329712	-1.98516	-1.44193	
0.329712	-1.98516	-1.44193	
0.32949	-1.98515	-1.4419	
0.32949	-1.98515	-1.4419	
0.329648	-1.98516	-1.44188	
0.329742	-1.98503	-1.44193	
0.329742	-1.98503	-1.44193	
0.329613	-1.98489	-1.44195	
0.329613	-1.98489	-1.44195	
0.329613	-1.98489	-1.44195	
0.329714	-1.98475	-1.44199	
0.329489	-1.98473	-1.44197	
0.329489	-1.98473	-1.44197	
0.329583	-1.9846	-1.44201	
0.329379	-1.98459	-1.44199	
0.329479	-1.98445	-1.44204	
0.329479	-1.98445	-1.44204	
0.329238	-1.98443	-1.44201	
0.329332	-1.9843	-1.44205	
0.329426	-1.98417	-1.4421	
0.329426	-1.98417	-1.4421	
0.329426	-1.98417	-1.4421	
0.329313	-1.98403	-1.44212	
0.329413	-1.98389	-1.44217	
0.329413	-1.98389	-1.44217	
0.329413	-1.98389	-1.44217	
0.329513	-1.98375	-1.44221	
0.329291	-1.98373	-1.44219	
0.329385	-1.9836	-1.44223	
0.329385	-1.9836	-1.44223	
0.329385	-1.9836	-1.44223	
0.329256	-1.98346	-1.44225	
0.329351	-1.98333	-1.4423	
0.329351	-1.98333	-1.4423	
0.329444	-1.9832	-1.44234	
0.329444	-1.9832	-1.44234	
0.329551	-1.98305	-1.44239	
0.329422	-1.9829	-1.44241	
0.329422	-1.9829	-1.44241	
0.329422	-1.9829	-1.44241	
0.329516	-1.98277	-1.44245	
0.329516	-1.98277	-1.44245	
0.32961	-1.98264	-1.4425	
0.329498	-1.9825	-1.44252	
0.329498	-1.9825	-1.44252	
0.329598	-1.98236	-1.44257	
0.329598	-1.98236	-1.44257	
0.329598	-1.98236	-1.44257	
0.329691	-1.98223	-1.44261	
0.329691	-1.98223	-1.44261	
0.329791	-1.98209	-1.44266	
0.329791	-1.98209	-1.44266	
0.329886	-1.98195	-1.4427	
0.329886	-1.98195	-1.4427	
0.329886	-1.98195	-1.4427	
0.329979	-1.98182	-1.44275	
0.330079	-1.98168	-1.4428	
0.330079	-1.98168	-1.4428	
0.330174	-1.98155	-1.44284	
0.330174	-1.98155	-1.44284	
0.330174	-1.98155	-1.44284	
0.330407	-1.98143	-1.44287	
0.330368	-1.98128	-1.44293	
0.330368	-1.98128	-1.44293	
0.330602	-1.98116	-1.44296	
0.330602	-1.98116	-1.44296	
0.330602	-1.98116	-1.44296	
0.330602	-1.98116	-1.44296	
0.330702	-1.98102	-1.44301	
0.330702	-1.98102	-1.44301	
0.330702	-1.98102	-1.44301	
0.330795	-1.98089	-1.44305	
0.330795	-1.98089	-1.44305	
0.330795	-1.98089	-1.44305	
0.330795	-1.98089	-1.44305	
0.330795	-1.98089	-1.44305	
0.330795	-1.98089	-1.44305	
0.330889	-1.98076	-1.4431	
0.330889	-1.98076	-1.4431	
0.330983	-1.98063	-1.44314	
0.330983	-1.98063	-1.44314	
0.330983	-1.98063	-1.44314	
0.331083	-1.98049	-1.44319	
0.331083	-1.98049	-1.44319	
0.331083	-1.98049	-1.44319	
0.330961	-1.98034	-1.44321	
0.330961	-1.98034	-1.44321	
0.330961	-1.98034	-1.44321	
0.331054	-1.98021	-1.44326	
0.331054	-1.98021	-1.44326	
0.331149	-1.98007	-1.4433	
0.331149	-1.98007	-1.4433	
0.331242	-1.97994	-1.44335	
0.331242	-1.97994	-1.44335	
0.331242	-1.97994	-1.44335	
0.331342	-1.9798	-1.44339	
0.33112	-1.97979	-1.44337	
0.33112	-1.97979	-1.44337	
0.33112	-1.97979	-1.44337	
0.33112	-1.97979	-1.44337	
0.330897	-1.97978	-1.44334	
0.330992	-1.97964	-1.44339	
0.330992	-1.97964	-1.44339	
0.331006	-1.97968	-1.44355	
0.331006	-1.97968	-1.44355	
0.3309	-1.97952	-1.44358	
0.3309	-1.97952	-1.44358	
0.3309	-1.97952	-1.44358	
0.330993	-1.97939	-1.44362	
0.330753	-1.97938	-1.44359	
0.330753	-1.97938	-1.44359	
0.330753	-1.97938	-1.44359	
0.330753	-1.97938	-1.44359	
0.330642	-1.97923	-1.44361	
0.330642	-1.97923	-1.44361	
0.330642	-1.97923	-1.44361	
0.330742	-1.97909	-1.44366	
0.33052	-1.97908	-1.44364	
0.33052	-1.97908	-1.44364	
0.33052	-1.97908	-1.44364	
0.330391	-1.97893	-1.44365	
0.330166	-1.97892	-1.44363	
0.330261	-1.97879	-1.44367	
0.330166	-1.97892	-1.44363	
0.330056	-1.97878	-1.44365	
0.329834	-1.97876	-1.44362	
0.329834	-1.97876	-1.44362	
0.329709	-1.97861	-1.44364	
0.329486	-1.97859	-1.44362	
0.329486	-1.97859	-1.44362	
0.329282	-1.97858	-1.44359	
0.329135	-1.97844	-1.44361	
0.329135	-1.97844	-1.44361	
0.328928	-1.97842	-1.44359	
0.328706	-1.97841	-1.44356	
0.328706	-1.97841	-1.44356	
0.328483	-1.97839	-1.44354	
0.328583	-1.97825	-1.44358	
0.328583	-1.97825	-1.44358	
0.328678	-1.97812	-1.44363	
0.328836	-1.97814	-1.44361	
0.328455	-1.97811	-1.4436	
0.32893	-1.97801	-1.44365	
0.328707	-1.97799	-1.44363	
0.3285	-1.97798	-1.4436	
0.328707	-1.97799	-1.44363	
0.328595	-1.97785	-1.44365	
0.328595	-1.97785	-1.44365	
0.328695	-1.97771	-1.44369	
0.328472	-1.97769	-1.44367	
0.328472	-1.97769	-1.44367	
0.328472	-1.97769	-1.44367	
0.32835	-1.97754	-1.44369	
0.32835	-1.97754	-1.44369	
0.328128	-1.97753	-1.44366	
0.328221	-1.97739	-1.44371	
0.328221	-1.97739	-1.44371	
0.328109	-1.97725	-1.44373	
0.328109	-1.97725	-1.44373	
0.328109	-1.97725	-1.44373	
0.327868	-1.97723	-1.4437	
0.328202	-1.97712	-1.44377	
0.327962	-1.9771	-1.44375	
0.328056	-1.97697	-1.44379	
0.328056	-1.97697	-1.44379	
0.327851	-1.97696	-1.44377	
0.328056	-1.97697	-1.44379	
0.327952	-1.97682	-1.44381	
0.327969	-1.97689	-1.44399	
0.327952	-1.97682	-1.44381	
0.327746	-1.97688	-1.44396	
0.327952	-1.97682	-1.44381	
0.327847	-1.97674	-1.44401	
0.327829	-1.97667	-1.44384	
0.32794	-1.97661	-1.44405	
0.327923	-1.97654	-1.44388	
0.327828	-1.97646	-1.44408	
0.32781	-1.97639	-1.4439	
0.327828	-1.97646	-1.44408	
0.327904	-1.97626	-1.44395	
0.327904	-1.97626	-1.44395	
0.327921	-1.97633	-1.44412	
0.327904	-1.97626	-1.44395	
0.327681	-1.97631	-1.44409	
0.327781	-1.97617	-1.44414	
0.327781	-1.97617	-1.44414	
0.327576	-1.97616	-1.44412	
0.327875	-1.97604	-1.44419	
0.327653	-1.97596	-1.44399	
0.327671	-1.97603	-1.44416	
0.327653	-1.97596	-1.44399	
0.32753	-1.97588	-1.44418	
0.327754	-1.97582	-1.44404	
0.32753	-1.97588	-1.44418	
0.32753	-1.97588	-1.44418	
0.327864	-1.97576	-1.44425	
0.327607	-1.97567	-1.44405	
0.327718	-1.97561	-1.44427	
0.327701	-1.97554	-1.4441	
0.327718	-1.97561	-1.44427	
0.327718	-1.97561	-1.44427	
0.327701	-1.97554	-1.4441	
0.327612	-1.97546	-1.44429	
0.327801	-1.9754	-1.44414	
0.327612	-1.97546	-1.44429	
0.327705	-1.97533	-1.44434	
0.327705	-1.97533	-1.44434	
0.327861	-1.97534	-1.44432	
0.327955	-1.97521	-1.44436	
0.327559	-1.97511	-1.44418	
0.327827	-1.97507	-1.44438	
0.327827	-1.97507	-1.44438	
0.327827	-1.97507	-1.44438	
0.327927	-1.97493	-1.44443	
0.327927	-1.97493	-1.44443	
0.327722	-1.97491	-1.44441	
0.327822	-1.97477	-1.44445	
0.327822	-1.97477	-1.44445	
0.327822	-1.97477	-1.44445	
0.327916	-1.97464	-1.4445	
0.327916	-1.97464	-1.4445	
0.327916	-1.97464	-1.4445	
0.327691	-1.97463	-1.44447	
0.327785	-1.9745	-1.44452	
0.327785	-1.9745	-1.44452	
0.327785	-1.9745	-1.44452	
0.327879	-1.97437	-1.44456	
0.327879	-1.97437	-1.44456	
0.327973	-1.97423	-1.44461	
0.327973	-1.97423	-1.44461	
0.327973	-1.97423	-1.44461	
0.327973	-1.97423	-1.44461	
0.327857	-1.97407	-1.44463	
0.327857	-1.97407	-1.44463	
0.327857	-1.97407	-1.44463	
0.327951	-1.97394	-1.44468	
0.327951	-1.97394	-1.44468	
0.328045	-1.97381	-1.44472	
0.328045	-1.97381	-1.44472	
0.328045	-1.97381	-1.44472	
0.328139	-1.97368	-1.44477	
0.328139	-1.97368	-1.44477	
0.328232	-1.97355	-1.44481	
0.328333	-1.97341	-1.44486	
0.328333	-1.97341	-1.44486	
0.328333	-1.97341	-1.44486	
0.328333	-1.97341	-1.44486	
0.32821	-1.97325	-1.44488	
0.328433	-1.97327	-1.44491	
0.328318	-1.97315	-1.44508	
0.328318	-1.97315	-1.44508	
0.328411	-1.97302	-1.44512	
0.328318	-1.97315	-1.44508	
0.328506	-1.97289	-1.44517	
0.328411	-1.97302	-1.44512	
0.328506	-1.97289	-1.44517	
0.328506	-1.97289	-1.44517	
0.328506	-1.97289	-1.44517	
0.328606	-1.97275	-1.44522	
0.328399	-1.97274	-1.44519	
0.328399	-1.97274	-1.44519	
0.328492	-1.97261	-1.44524	
0.328492	-1.97261	-1.44524	
0.328492	-1.97261	-1.44524	
0.328492	-1.97261	-1.44524	
0.328492	-1.97261	-1.44524	
0.328592	-1.97247	-1.44529	
0.328354	-1.97245	-1.44526	
0.328354	-1.97245	-1.44526	
0.328354	-1.97245	-1.44526	
0.328354	-1.97245	-1.44526	
0.328449	-1.97232	-1.4453	
0.328449	-1.97232	-1.4453	
0.32859	-1.97233	-1.44528	
0.328449	-1.97232	-1.4453	
0.32859	-1.97233	-1.44528	
0.328477	-1.97219	-1.4453	
0.328542	-1.97219	-1.44535	
0.328477	-1.97219	-1.4453	
0.328577	-1.97205	-1.44535	
0.328577	-1.97205	-1.44535	
0.328431	-1.9719	-1.44537	
0.328431	-1.9719	-1.44537	
0.328431	-1.9719	-1.44537	
0.328227	-1.97189	-1.44535	
0.328525	-1.97177	-1.44541	
0.32832	-1.97176	-1.44539	
0.328414	-1.97162	-1.44543	
0.328414	-1.97162	-1.44543	
0.328414	-1.97162	-1.44543	
0.328619	-1.97164	-1.44546	
0.328414	-1.97162	-1.44543	
0.328515	-1.97148	-1.44548	
0.328515	-1.97148	-1.44548	
0.328515	-1.97148	-1.44548	
0.328515	-1.97148	-1.44548	
0.328615	-1.97134	-1.44553	
0.328392	-1.97133	-1.4455	
0.328615	-1.97134	-1.44553	
0.328392	-1.97133	-1.4455	
0.328392	-1.97133	-1.4455	
0.328392	-1.97133	-1.4455	
0.328486	-1.9712	-1.44555	
0.328486	-1.9712	-1.44555	
0.328486	-1.9712	-1.44555	
0.328486	-1.9712	-1.44555	
0.328486	-1.9712	-1.44555	
0.328373	-1.97106	-1.44557	
0.32858	-1.97107	-1.44559	
0.328373	-1.97106	-1.44557	
0.328373	-1.97106	-1.44557	
0.328373	-1.97106	-1.44557	
0.328373	-1.97106	-1.44557	
0.328467	-1.97092	-1.44561	
0.328467	-1.97092	-1.44561	
0.328467	-1.97092	-1.44561	
0.328467	-1.97092	-1.44561	
0.328567	-1.97078	-1.44566	
0.328567	-1.97078	-1.44566	
0.328567	-1.97078	-1.44566	
0.328326	-1.97077	-1.44563	
0.328326	-1.97077	-1.44563	
0.328326	-1.97077	-1.44563	
0.328122	-1.97076	-1.44561	
0.328326	-1.97077	-1.44563	
0.328426	-1.97063	-1.44568	
0.328426	-1.97063	-1.44568	
0.328426	-1.97063	-1.44568	
0.328222	-1.97062	-1.44566	
0.328316	-1.97048	-1.4457	
0.328316	-1.97048	-1.4457	
0.328092	-1.97047	-1.44568	
0.328316	-1.97048	-1.4457	
0.328092	-1.97047	-1.44568	
0.328185	-1.97034	-1.44572	
0.32841	-1.97035	-1.44575	
0.328185	-1.97034	-1.44572	
0.328436	-1.97022	-1.44575	
0.328185	-1.97034	-1.44572	
0.328436	-1.97022	-1.44575	
0.328436	-1.97022	-1.44575	
0.328436	-1.97022	-1.44575	
0.328436	-1.97022	-1.44575	
0.328436	-1.97022	-1.44575	
0.328231	-1.97021	-1.44572	
0.328331	-1.97007	-1.44577	
0.328091	-1.97005	-1.44574	
0.328091	-1.97005	-1.44574	
0.328091	-1.97005	-1.44574	
0.328091	-1.97005	-1.44574	
0.328091	-1.97005	-1.44574	
0.327886	-1.97004	-1.44572	
0.32798	-1.96991	-1.44576	
0.32798	-1.96991	-1.44576	
0.32798	-1.96991	-1.44576	
0.32798	-1.96991	-1.44576	
0.32798	-1.96991	-1.44576	
0.327739	-1.96989	-1.44573	
0.327848	-1.96983	-1.44593	
0.327833	-1.96976	-1.44578	
0.327641	-1.96981	-1.44591	
0.327848	-1.96983	-1.44593	
0.327626	-1.96975	-1.44576	
0.327641	-1.96981	-1.44591	
0.327626	-1.96975	-1.44576	
0.327641	-1.96981	-1.44591	
0.327742	-1.96967	-1.44596	
0.32752	-1.96966	-1.44593	
0.32752	-1.96966	-1.44593	
0.327613	-1.96953	-1.44598	
0.327613	-1.96953	-1.44598	
0.327613	-1.96953	-1.44598	
0.327613	-1.96953	-1.44598	
0.327406	-1.96951	-1.44595	
0.327613	-1.96953	-1.44598	
0.327406	-1.96951	-1.44595	
0.327707	-1.9694	-1.44602	
0.3275	-1.96938	-1.446	
0.3275	-1.96938	-1.446	
0.3275	-1.96938	-1.446	
0.3275	-1.96938	-1.446	
0.3276	-1.96924	-1.44604	
0.3276	-1.96924	-1.44604	
0.3276	-1.96924	-1.44604	
0.327694	-1.96911	-1.44609	
0.327694	-1.96911	-1.44609	
0.327694	-1.96911	-1.44609	
0.327694	-1.96911	-1.44609	
0.327694	-1.96911	-1.44609	
0.327694	-1.96911	-1.44609	
0.327788	-1.96898	-1.44613	
0.32755	-1.96896	-1.44611	
0.327788	-1.96898	-1.44613	
0.32755	-1.96896	-1.44611	
0.32755	-1.96896	-1.44611	
0.32755	-1.96896	-1.44611	
0.32755	-1.96896	-1.44611	
0.327575	-1.96892	-1.44618	
0.32765	-1.96882	-1.44615	
0.32765	-1.96882	-1.44615	
0.327888	-1.96884	-1.44618	
0.327886	-1.9687	-1.44618	
0.327791	-1.96884	-1.44613	
0.327744	-1.96869	-1.4462	
0.327886	-1.9687	-1.44618	
0.327886	-1.9687	-1.44618	
0.327886	-1.9687	-1.44618	
0.327886	-1.9687	-1.44618	
0.327911	-1.96866	-1.44626	
0.327986	-1.96856	-1.44623	
0.327986	-1.96856	-1.44623	
0.328079	-1.96843	-1.44627	
0.327986	-1.96856	-1.44623	
0.328079	-1.96843	-1.44627	
0.328005	-1.96853	-1.4463	
0.328079	-1.96843	-1.44627	
0.328005	-1.96853	-1.4463	
0.328174	-1.9683	-1.44632	
0.328174	-1.9683	-1.44632	
0.328174	-1.9683	-1.44632	
0.328174	-1.9683	-1.44632	
0.328174	-1.9683	-1.44632	
0.328174	-1.9683	-1.44632	
0.328267	-1.96817	-1.44636	
0.328267	-1.96817	-1.44636	
0.328267	-1.96817	-1.44636	
0.328267	-1.96817	-1.44636	
0.328192	-1.96827	-1.44639	
0.328267	-1.96817	-1.44636	
0.328293	-1.96813	-1.44644	
0.328367	-1.96803	-1.44641	
0.328367	-1.96803	-1.44641	
0.328293	-1.96813	-1.44644	
0.328367	-1.96803	-1.44641	
0.328293	-1.96813	-1.44644	
0.328467	-1.96789	-1.44646	
0.328467	-1.96789	-1.44646	
0.328562	-1.96776	-1.4465	
0.328487	-1.96785	-1.44653	
0.328487	-1.96785	-1.44653	
0.328655	-1.96763	-1.44655	
0.32858	-1.96772	-1.44658	
0.328675	-1.96759	-1.44662	
0.328913	-1.96761	-1.44665	
0.328675	-1.96759	-1.44662	
0.328675	-1.96759	-1.44662	
0.328675	-1.96759	-1.44662	
0.328675	-1.96759	-1.44662	
0.328775	-1.96745	-1.44667	
0.32885	-1.96736	-1.44664	
0.328868	-1.96732	-1.44671	
0.328868	-1.96732	-1.44671	
0.328868	-1.96732	-1.44671	
0.328968	-1.96718	-1.44676	
0.329043	-1.96709	-1.44673	
0.328968	-1.96718	-1.44676	
0.328968	-1.96718	-1.44676	
0.329043	-1.96709	-1.44673	
0.328968	-1.96718	-1.44676	
0.328968	-1.96718	-1.44676	
0.328856	-1.96704	-1.44678	
0.329063	-1.96705	-1.44681	
0.328856	-1.96704	-1.44678	
0.328949	-1.96691	-1.44683	
0.329063	-1.96705	-1.44681	
0.328949	-1.96691	-1.44683	
0.329024	-1.96681	-1.4468	
0.328949	-1.96691	-1.44683	
0.329024	-1.96681	-1.4468	
0.329189	-1.96678	-1.44686	
0.329164	-1.96682	-1.44678	
0.328967	-1.96676	-1.44683	
0.329189	-1.96678	-1.44686	
0.328967	-1.96676	-1.44683	
0.32876	-1.96675	-1.44681	
0.328835	-1.96665	-1.44678	
0.32876	-1.96675	-1.44681	
0.32876	-1.96675	-1.44681	
0.32876	-1.96675	-1.44681	
0.32876	-1.96675	-1.44681	
0.32876	-1.96675	-1.44681	
0.328522	-1.96673	-1.44678	
0.328854	-1.96662	-1.44685	
0.328616	-1.9666	-1.44682	
0.328616	-1.9666	-1.44682	
0.328616	-1.9666	-1.44682	
0.328616	-1.9666	-1.44682	
0.328616	-1.9666	-1.44682	
0.328616	-1.9666	-1.44682	
0.328503	-1.96646	-1.44684	
0.328503	-1.96646	-1.44684	
0.328503	-1.96646	-1.44684	
0.328503	-1.96646	-1.44684	
0.328503	-1.96646	-1.44684	
0.32828	-1.96644	-1.44682	
0.32838	-1.9663	-1.44687	
0.328355	-1.96635	-1.44679	
0.32838	-1.9663	-1.44687	
0.32838	-1.9663	-1.44687	
0.328248	-1.9662	-1.44681	
0.328268	-1.96616	-1.44689	
0.328268	-1.96616	-1.44689	
0.328268	-1.96616	-1.44689	
0.328268	-1.96616	-1.44689	
0.328028	-1.96614	-1.44686	
0.328128	-1.966	-1.44691	
0.328128	-1.966	-1.44691	
0.328128	-1.966	-1.44691	
0.328221	-1.96587	-1.44695	
0.327923	-1.96599	-1.44688	
0.328017	-1.96586	-1.44693	
0.328091	-1.96577	-1.4469	
0.328017	-1.96586	-1.44693	
0.328017	-1.96586	-1.44693	
0.328091	-1.96577	-1.4469	
0.32779	-1.96588	-1.44707	
0.327885	-1.96575	-1.44711	
0.327885	-1.96575	-1.44711	
0.32768	-1.96573	-1.44709	
0.328053	-1.96552	-1.44713	
0.32768	-1.96573	-1.44709	
0.327848	-1.96551	-1.4471	
0.327932	-1.96562	-1.44711	
0.327782	-1.96551	-1.44706	
0.327932	-1.96562	-1.44711	
0.327707	-1.9656	-1.44708	
0.327707	-1.9656	-1.44708	
0.327822	-1.96549	-1.4473	
0.327835	-1.96552	-1.44746	
0.327849	-1.96556	-1.44763	
0.327949	-1.96542	-1.44767	
0.327745	-1.9654	-1.44765	
0.327949	-1.96542	-1.44767	
0.327745	-1.9654	-1.44765	
0.327839	-1.96527	-1.44769	
0.327839	-1.96527	-1.44769	
0.327692	-1.96513	-1.44771	
0.327932	-1.96514	-1.44774	
